# SPDX-FileCopyrightText: 2023 Christian Willberg <christian.willberg@dlr.de>, Jan-Timo Hesse <jan-timo.hesse@dlr.de>
#
# SPDX-License-Identifier: BSD-3-Clause

header: global_id
676
677
678
679
680
681
682
683
684
685
686
687
688
689
720
721
722
723
724
725
726
727
728
729
730
731
732
733
764
765
766
767
768
769
770
771
772
773
774
775
776
777
808
809
810
811
812
813
814
815
816
817
818
819
820
821
852
853
854
855
856
857
858
859
860
861
862
863
864
865
896
897
898
899
900
901
902
903
904
905
906
907
908
909
940
941
942
943
944
945
946
947
948
949
950
951
952
953
984
985
986
987
988
989
990
991
992
993
994
995
996
997
1028
1029
1030
1031
1032
1033
1034
1035
1036
1037
1038
1039
1040
1041
1072
1073
1074
1075
1076
1077
1078
1079
1080
1081
1082
1083
1084
1085
1116
1117
1118
1119
1120
1121
1122
1123
1124
1125
1126
1127
1128
1129
1160
1161
1162
1163
1164
1165
1166
1167
1168
1169
1170
1171
1172
1173
1204
1205
1206
1207
1208
1209
1210
1211
1212
1213
1214
1215
1216
1217
1248
1249
1250
1251
1252
1253
1254
1255
1256
1257
1258
1259
1260
1261
