# SPDX-FileCopyrightText: 2023 Christian Willberg <christian.willberg@dlr.de>, Jan-Timo Hesse <jan-timo.hesse@dlr.de>
#
# SPDX-License-Identifier: BSD-3-Clause

header: x y block_id volume
2.41 4.2 1 0.04
2.41 4.4 1 0.04
2.41 4.6000000000000005 1 0.04
2.41 4.8 1 0.04
2.41 5.0 1 0.04
2.41 5.2 1 0.04
2.41 5.4 1 0.04
2.41 5.6000000000000005 1 0.04
2.41 5.8 1 0.04
2.41 6.0 1 0.04
2.41 6.2 1 0.04
2.41 6.4 1 0.04
2.41 6.6000000000000005 1 0.04
2.41 6.8 1 0.04
2.41 7.0 1 0.04
2.41 7.2 1 0.04
2.41 7.4 1 0.04
2.41 7.6000000000000005 1 0.04
2.41 7.8 1 0.04
2.41 8.0 1 0.04
2.41 8.2 1 0.04
2.41 8.4 1 0.04
2.41 8.6 1 0.04
2.41 8.8 1 0.04
2.41 9.0 1 0.04
2.41 9.200000000000001 1 0.04
2.41 9.4 1 0.04
2.41 9.6 1 0.04
2.41 9.8 1 0.04
2.41 10.0 1 0.04
2.41 10.200000000000001 1 0.04
2.41 10.4 1 0.04
2.41 10.6 1 0.04
2.41 10.8 1 0.04
2.41 11.0 1 0.04
2.41 11.200000000000001 1 0.04
2.41 11.4 1 0.04
2.41 11.6 1 0.04
2.41 11.8 1 0.04
2.41 12.0 1 0.04
2.41 12.200000000000001 1 0.04
2.41 12.4 1 0.04
2.41 12.6 1 0.04
2.41 12.8 1 0.04
2.61 4.2 1 0.04
2.61 4.4 1 0.04
2.61 4.6000000000000005 1 0.04
2.61 4.8 1 0.04
2.61 5.0 1 0.04
2.61 5.2 1 0.04
2.61 5.4 1 0.04
2.61 5.6000000000000005 1 0.04
2.61 5.8 1 0.04
2.61 6.0 1 0.04
2.61 6.2 1 0.04
2.61 6.4 1 0.04
2.61 6.6000000000000005 1 0.04
2.61 6.8 1 0.04
2.61 7.0 1 0.04
2.61 7.2 1 0.04
2.61 7.4 1 0.04
2.61 7.6000000000000005 1 0.04
2.61 7.8 1 0.04
2.61 8.0 1 0.04
2.61 8.2 1 0.04
2.61 8.4 1 0.04
2.61 8.6 1 0.04
2.61 8.8 1 0.04
2.61 9.0 1 0.04
2.61 9.200000000000001 1 0.04
2.61 9.4 1 0.04
2.61 9.6 1 0.04
2.61 9.8 1 0.04
2.61 10.0 1 0.04
2.61 10.200000000000001 1 0.04
2.61 10.4 1 0.04
2.61 10.6 1 0.04
2.61 10.8 1 0.04
2.61 11.0 1 0.04
2.61 11.200000000000001 1 0.04
2.61 11.4 1 0.04
2.61 11.6 1 0.04
2.61 11.8 1 0.04
2.61 12.0 1 0.04
2.61 12.200000000000001 1 0.04
2.61 12.4 1 0.04
2.61 12.6 1 0.04
2.61 12.8 1 0.04
2.81 4.2 1 0.04
2.81 4.4 1 0.04
2.81 4.6000000000000005 1 0.04
2.81 4.8 1 0.04
2.81 5.0 1 0.04
2.81 5.2 1 0.04
2.81 5.4 1 0.04
2.81 5.6000000000000005 1 0.04
2.81 5.8 1 0.04
2.81 6.0 1 0.04
2.81 6.2 1 0.04
2.81 6.4 1 0.04
2.81 6.6000000000000005 1 0.04
2.81 6.8 1 0.04
2.81 7.0 1 0.04
2.81 7.2 1 0.04
2.81 7.4 1 0.04
2.81 7.6000000000000005 1 0.04
2.81 7.8 1 0.04
2.81 8.0 1 0.04
2.81 8.2 1 0.04
2.81 8.4 1 0.04
2.81 8.6 1 0.04
2.81 8.8 1 0.04
2.81 9.0 1 0.04
2.81 9.200000000000001 1 0.04
2.81 9.4 1 0.04
2.81 9.6 1 0.04
2.81 9.8 1 0.04
2.81 10.0 1 0.04
2.81 10.200000000000001 1 0.04
2.81 10.4 1 0.04
2.81 10.6 1 0.04
2.81 10.8 1 0.04
2.81 11.0 1 0.04
2.81 11.200000000000001 1 0.04
2.81 11.4 1 0.04
2.81 11.6 1 0.04
2.81 11.8 1 0.04
2.81 12.0 1 0.04
2.81 12.200000000000001 1 0.04
2.81 12.4 1 0.04
2.81 12.6 1 0.04
2.81 12.8 1 0.04
3.0100000000000002 4.2 1 0.04
3.0100000000000002 4.4 1 0.04
3.0100000000000002 4.6000000000000005 1 0.04
3.0100000000000002 4.8 1 0.04
3.0100000000000002 5.0 1 0.04
3.0100000000000002 5.2 1 0.04
3.0100000000000002 5.4 1 0.04
3.0100000000000002 5.6000000000000005 1 0.04
3.0100000000000002 5.8 1 0.04
3.0100000000000002 6.0 1 0.04
3.0100000000000002 6.2 1 0.04
3.0100000000000002 6.4 1 0.04
3.0100000000000002 6.6000000000000005 1 0.04
3.0100000000000002 6.8 1 0.04
3.0100000000000002 7.0 1 0.04
3.0100000000000002 7.2 1 0.04
3.0100000000000002 7.4 1 0.04
3.0100000000000002 7.6000000000000005 1 0.04
3.0100000000000002 7.8 1 0.04
3.0100000000000002 8.0 1 0.04
3.0100000000000002 8.2 1 0.04
3.0100000000000002 8.4 1 0.04
3.0100000000000002 8.6 1 0.04
3.0100000000000002 8.8 1 0.04
3.0100000000000002 9.0 1 0.04
3.0100000000000002 9.200000000000001 1 0.04
3.0100000000000002 9.4 1 0.04
3.0100000000000002 9.6 1 0.04
3.0100000000000002 9.8 1 0.04
3.0100000000000002 10.0 1 0.04
3.0100000000000002 10.200000000000001 1 0.04
3.0100000000000002 10.4 1 0.04
3.0100000000000002 10.6 1 0.04
3.0100000000000002 10.8 1 0.04
3.0100000000000002 11.0 1 0.04
3.0100000000000002 11.200000000000001 1 0.04
3.0100000000000002 11.4 1 0.04
3.0100000000000002 11.6 1 0.04
3.0100000000000002 11.8 1 0.04
3.0100000000000002 12.0 1 0.04
3.0100000000000002 12.200000000000001 1 0.04
3.0100000000000002 12.4 1 0.04
3.0100000000000002 12.6 1 0.04
3.0100000000000002 12.8 1 0.04
3.21 4.2 1 0.04
3.21 4.4 1 0.04
3.21 4.6000000000000005 1 0.04
3.21 4.8 1 0.04
3.21 5.0 1 0.04
3.21 5.2 1 0.04
3.21 5.4 1 0.04
3.21 5.6000000000000005 1 0.04
3.21 5.8 1 0.04
3.21 6.0 1 0.04
3.21 6.2 1 0.04
3.21 6.4 1 0.04
3.21 6.6000000000000005 1 0.04
3.21 6.8 1 0.04
3.21 7.0 1 0.04
3.21 7.2 1 0.04
3.21 7.4 1 0.04
3.21 7.6000000000000005 1 0.04
3.21 7.8 1 0.04
3.21 8.0 1 0.04
3.21 8.2 1 0.04
3.21 8.4 1 0.04
3.21 8.6 1 0.04
3.21 8.8 1 0.04
3.21 9.0 1 0.04
3.21 9.200000000000001 1 0.04
3.21 9.4 1 0.04
3.21 9.6 1 0.04
3.21 9.8 1 0.04
3.21 10.0 1 0.04
3.21 10.200000000000001 1 0.04
3.21 10.4 1 0.04
3.21 10.6 1 0.04
3.21 10.8 1 0.04
3.21 11.0 1 0.04
3.21 11.200000000000001 1 0.04
3.21 11.4 1 0.04
3.21 11.6 1 0.04
3.21 11.8 1 0.04
3.21 12.0 1 0.04
3.21 12.200000000000001 1 0.04
3.21 12.4 1 0.04
3.21 12.6 1 0.04
3.21 12.8 1 0.04
3.41 4.2 1 0.04
3.41 4.4 1 0.04
3.41 4.6000000000000005 1 0.04
3.41 4.8 1 0.04
3.41 5.0 1 0.04
3.41 5.2 1 0.04
3.41 5.4 1 0.04
3.41 5.6000000000000005 1 0.04
3.41 5.8 1 0.04
3.41 6.0 1 0.04
3.41 6.2 1 0.04
3.41 6.4 1 0.04
3.41 6.6000000000000005 1 0.04
3.41 6.8 1 0.04
3.41 7.0 1 0.04
3.41 7.2 1 0.04
3.41 7.4 1 0.04
3.41 7.6000000000000005 1 0.04
3.41 7.8 1 0.04
3.41 8.0 1 0.04
3.41 8.2 1 0.04
3.41 8.4 1 0.04
3.41 8.6 1 0.04
3.41 8.8 1 0.04
3.41 9.0 1 0.04
3.41 9.200000000000001 1 0.04
3.41 9.4 1 0.04
3.41 9.6 1 0.04
3.41 9.8 1 0.04
3.41 10.0 1 0.04
3.41 10.200000000000001 1 0.04
3.41 10.4 1 0.04
3.41 10.6 1 0.04
3.41 10.8 1 0.04
3.41 11.0 1 0.04
3.41 11.200000000000001 1 0.04
3.41 11.4 1 0.04
3.41 11.6 1 0.04
3.41 11.8 1 0.04
3.41 12.0 1 0.04
3.41 12.200000000000001 1 0.04
3.41 12.4 1 0.04
3.41 12.6 1 0.04
3.41 12.8 1 0.04
3.61 4.2 2 0.04
3.61 4.4 2 0.04
3.61 4.6000000000000005 2 0.04
3.61 4.8 2 0.04
3.61 5.0 2 0.04
3.61 5.2 2 0.04
3.61 5.4 2 0.04
3.61 5.6000000000000005 2 0.04
3.61 5.8 2 0.04
3.61 6.0 2 0.04
3.61 6.2 2 0.04
3.61 6.4 2 0.04
3.61 6.6000000000000005 2 0.04
3.61 6.8 2 0.04
3.61 7.0 2 0.04
3.61 7.2 2 0.04
3.61 7.4 2 0.04
3.61 7.6000000000000005 2 0.04
3.61 7.8 2 0.04
3.61 8.0 2 0.04
3.61 8.2 2 0.04
3.61 8.4 2 0.04
3.61 8.6 2 0.04
3.61 8.8 2 0.04
3.61 9.0 2 0.04
3.61 9.200000000000001 2 0.04
3.61 9.4 2 0.04
3.61 9.6 2 0.04
3.61 9.8 2 0.04
3.61 10.0 2 0.04
3.61 10.200000000000001 2 0.04
3.61 10.4 2 0.04
3.61 10.6 2 0.04
3.61 10.8 2 0.04
3.61 11.0 2 0.04
3.61 11.200000000000001 2 0.04
3.61 11.4 2 0.04
3.61 11.6 2 0.04
3.61 11.8 2 0.04
3.61 12.0 2 0.04
3.61 12.200000000000001 2 0.04
3.61 12.4 2 0.04
3.61 12.6 2 0.04
3.61 12.8 2 0.04
3.81 4.2 2 0.04
3.81 4.4 2 0.04
3.81 4.6000000000000005 2 0.04
3.81 4.8 2 0.04
3.81 5.0 2 0.04
3.81 5.2 2 0.04
3.81 5.4 2 0.04
3.81 5.6000000000000005 2 0.04
3.81 5.8 2 0.04
3.81 6.0 2 0.04
3.81 6.2 2 0.04
3.81 6.4 2 0.04
3.81 6.6000000000000005 2 0.04
3.81 6.8 2 0.04
3.81 7.0 2 0.04
3.81 7.2 2 0.04
3.81 7.4 2 0.04
3.81 7.6000000000000005 2 0.04
3.81 7.8 2 0.04
3.81 8.0 2 0.04
3.81 8.2 2 0.04
3.81 8.4 2 0.04
3.81 8.6 2 0.04
3.81 8.8 2 0.04
3.81 9.0 2 0.04
3.81 9.200000000000001 2 0.04
3.81 9.4 2 0.04
3.81 9.6 2 0.04
3.81 9.8 2 0.04
3.81 10.0 2 0.04
3.81 10.200000000000001 2 0.04
3.81 10.4 2 0.04
3.81 10.6 2 0.04
3.81 10.8 2 0.04
3.81 11.0 2 0.04
3.81 11.200000000000001 2 0.04
3.81 11.4 2 0.04
3.81 11.6 2 0.04
3.81 11.8 2 0.04
3.81 12.0 2 0.04
3.81 12.200000000000001 2 0.04
3.81 12.4 2 0.04
3.81 12.6 2 0.04
3.81 12.8 2 0.04
4.01 4.2 2 0.04
4.01 4.4 2 0.04
4.01 4.6000000000000005 2 0.04
4.01 4.8 2 0.04
4.01 5.0 2 0.04
4.01 5.2 2 0.04
4.01 5.4 2 0.04
4.01 5.6000000000000005 2 0.04
4.01 5.8 2 0.04
4.01 6.0 2 0.04
4.01 6.2 2 0.04
4.01 6.4 2 0.04
4.01 6.6000000000000005 2 0.04
4.01 6.8 2 0.04
4.01 7.0 2 0.04
4.01 7.2 2 0.04
4.01 7.4 2 0.04
4.01 7.6000000000000005 2 0.04
4.01 7.8 2 0.04
4.01 8.0 2 0.04
4.01 8.2 2 0.04
4.01 8.4 2 0.04
4.01 8.6 2 0.04
4.01 8.8 2 0.04
4.01 9.0 2 0.04
4.01 9.200000000000001 2 0.04
4.01 9.4 2 0.04
4.01 9.6 2 0.04
4.01 9.8 2 0.04
4.01 10.0 2 0.04
4.01 10.200000000000001 2 0.04
4.01 10.4 2 0.04
4.01 10.6 2 0.04
4.01 10.8 2 0.04
4.01 11.0 2 0.04
4.01 11.200000000000001 2 0.04
4.01 11.4 2 0.04
4.01 11.6 2 0.04
4.01 11.8 2 0.04
4.01 12.0 2 0.04
4.01 12.200000000000001 2 0.04
4.01 12.4 2 0.04
4.01 12.6 2 0.04
4.01 12.8 2 0.04
4.21 4.2 2 0.04
4.21 4.4 2 0.04
4.21 4.6000000000000005 2 0.04
4.21 4.8 2 0.04
4.21 5.0 2 0.04
4.21 5.2 2 0.04
4.21 5.4 2 0.04
4.21 5.6000000000000005 2 0.04
4.21 5.8 2 0.04
4.21 6.0 2 0.04
4.21 6.2 2 0.04
4.21 6.4 2 0.04
4.21 6.6000000000000005 2 0.04
4.21 6.8 2 0.04
4.21 7.0 2 0.04
4.21 7.2 2 0.04
4.21 7.4 2 0.04
4.21 7.6000000000000005 2 0.04
4.21 7.8 2 0.04
4.21 8.0 2 0.04
4.21 8.2 2 0.04
4.21 8.4 2 0.04
4.21 8.6 2 0.04
4.21 8.8 2 0.04
4.21 9.0 2 0.04
4.21 9.200000000000001 2 0.04
4.21 9.4 2 0.04
4.21 9.6 2 0.04
4.21 9.8 2 0.04
4.21 10.0 2 0.04
4.21 10.200000000000001 2 0.04
4.21 10.4 2 0.04
4.21 10.6 2 0.04
4.21 10.8 2 0.04
4.21 11.0 2 0.04
4.21 11.200000000000001 2 0.04
4.21 11.4 2 0.04
4.21 11.6 2 0.04
4.21 11.8 2 0.04
4.21 12.0 2 0.04
4.21 12.200000000000001 2 0.04
4.21 12.4 2 0.04
4.21 12.6 2 0.04
4.21 12.8 2 0.04
4.41 4.2 2 0.04
4.41 4.4 2 0.04
4.41 4.6000000000000005 2 0.04
4.41 4.8 2 0.04
4.41 5.0 2 0.04
4.41 5.2 2 0.04
4.41 5.4 2 0.04
4.41 5.6000000000000005 2 0.04
4.41 5.8 2 0.04
4.41 6.0 2 0.04
4.41 6.2 2 0.04
4.41 6.4 2 0.04
4.41 6.6000000000000005 2 0.04
4.41 6.8 2 0.04
4.41 7.0 2 0.04
4.41 7.2 2 0.04
4.41 7.4 2 0.04
4.41 7.6000000000000005 2 0.04
4.41 7.8 2 0.04
4.41 8.0 2 0.04
4.41 8.2 2 0.04
4.41 8.4 2 0.04
4.41 8.6 2 0.04
4.41 8.8 2 0.04
4.41 9.0 2 0.04
4.41 9.200000000000001 2 0.04
4.41 9.4 2 0.04
4.41 9.6 2 0.04
4.41 9.8 2 0.04
4.41 10.0 2 0.04
4.41 10.200000000000001 2 0.04
4.41 10.4 2 0.04
4.41 10.6 2 0.04
4.41 10.8 2 0.04
4.41 11.0 2 0.04
4.41 11.200000000000001 2 0.04
4.41 11.4 2 0.04
4.41 11.6 2 0.04
4.41 11.8 2 0.04
4.41 12.0 2 0.04
4.41 12.200000000000001 2 0.04
4.41 12.4 2 0.04
4.41 12.6 2 0.04
4.41 12.8 2 0.04
4.61 4.2 2 0.04
4.61 4.4 2 0.04
4.61 4.6000000000000005 2 0.04
4.61 4.8 2 0.04
4.61 5.0 2 0.04
4.61 5.2 2 0.04
4.61 5.4 2 0.04
4.61 5.6000000000000005 2 0.04
4.61 5.8 2 0.04
4.61 6.0 2 0.04
4.61 6.2 2 0.04
4.61 6.4 2 0.04
4.61 6.6000000000000005 2 0.04
4.61 6.8 2 0.04
4.61 7.0 2 0.04
4.61 7.2 2 0.04
4.61 7.4 2 0.04
4.61 7.6000000000000005 2 0.04
4.61 7.8 2 0.04
4.61 8.0 2 0.04
4.61 8.2 2 0.04
4.61 8.4 2 0.04
4.61 8.6 2 0.04
4.61 8.8 2 0.04
4.61 9.0 2 0.04
4.61 9.200000000000001 2 0.04
4.61 9.4 2 0.04
4.61 9.6 2 0.04
4.61 9.8 2 0.04
4.61 10.0 2 0.04
4.61 10.200000000000001 2 0.04
4.61 10.4 2 0.04
4.61 10.6 2 0.04
4.61 10.8 2 0.04
4.61 11.0 2 0.04
4.61 11.200000000000001 2 0.04
4.61 11.4 2 0.04
4.61 11.6 2 0.04
4.61 11.8 2 0.04
4.61 12.0 2 0.04
4.61 12.200000000000001 2 0.04
4.61 12.4 2 0.04
4.61 12.6 2 0.04
4.61 12.8 2 0.04
4.8100000000000005 4.2 2 0.04
4.8100000000000005 4.4 2 0.04
4.8100000000000005 4.6000000000000005 2 0.04
4.8100000000000005 4.8 2 0.04
4.8100000000000005 5.0 2 0.04
4.8100000000000005 5.2 2 0.04
4.8100000000000005 5.4 2 0.04
4.8100000000000005 5.6000000000000005 2 0.04
4.8100000000000005 5.8 2 0.04
4.8100000000000005 6.0 2 0.04
4.8100000000000005 6.2 2 0.04
4.8100000000000005 6.4 2 0.04
4.8100000000000005 6.6000000000000005 2 0.04
4.8100000000000005 6.8 2 0.04
4.8100000000000005 7.0 2 0.04
4.8100000000000005 7.2 2 0.04
4.8100000000000005 7.4 2 0.04
4.8100000000000005 7.6000000000000005 2 0.04
4.8100000000000005 7.8 2 0.04
4.8100000000000005 8.0 2 0.04
4.8100000000000005 8.2 2 0.04
4.8100000000000005 8.4 2 0.04
4.8100000000000005 8.6 2 0.04
4.8100000000000005 8.8 2 0.04
4.8100000000000005 9.0 2 0.04
4.8100000000000005 9.200000000000001 2 0.04
4.8100000000000005 9.4 2 0.04
4.8100000000000005 9.6 2 0.04
4.8100000000000005 9.8 2 0.04
4.8100000000000005 10.0 2 0.04
4.8100000000000005 10.200000000000001 2 0.04
4.8100000000000005 10.4 2 0.04
4.8100000000000005 10.6 2 0.04
4.8100000000000005 10.8 2 0.04
4.8100000000000005 11.0 2 0.04
4.8100000000000005 11.200000000000001 2 0.04
4.8100000000000005 11.4 2 0.04
4.8100000000000005 11.6 2 0.04
4.8100000000000005 11.8 2 0.04
4.8100000000000005 12.0 2 0.04
4.8100000000000005 12.200000000000001 2 0.04
4.8100000000000005 12.4 2 0.04
4.8100000000000005 12.6 2 0.04
4.8100000000000005 12.8 2 0.04
5.01 4.2 2 0.04
5.01 4.4 2 0.04
5.01 4.6000000000000005 2 0.04
5.01 4.8 2 0.04
5.01 5.0 2 0.04
5.01 5.2 2 0.04
5.01 5.4 2 0.04
5.01 5.6000000000000005 2 0.04
5.01 5.8 2 0.04
5.01 6.0 2 0.04
5.01 6.2 2 0.04
5.01 6.4 2 0.04
5.01 6.6000000000000005 2 0.04
5.01 6.8 2 0.04
5.01 7.0 2 0.04
5.01 7.2 2 0.04
5.01 7.4 2 0.04
5.01 7.6000000000000005 2 0.04
5.01 7.8 2 0.04
5.01 8.0 2 0.04
5.01 8.2 2 0.04
5.01 8.4 2 0.04
5.01 8.6 2 0.04
5.01 8.8 2 0.04
5.01 9.0 2 0.04
5.01 9.200000000000001 2 0.04
5.01 9.4 2 0.04
5.01 9.6 2 0.04
5.01 9.8 2 0.04
5.01 10.0 2 0.04
5.01 10.200000000000001 2 0.04
5.01 10.4 2 0.04
5.01 10.6 2 0.04
5.01 10.8 2 0.04
5.01 11.0 2 0.04
5.01 11.200000000000001 2 0.04
5.01 11.4 2 0.04
5.01 11.6 2 0.04
5.01 11.8 2 0.04
5.01 12.0 2 0.04
5.01 12.200000000000001 2 0.04
5.01 12.4 2 0.04
5.01 12.6 2 0.04
5.01 12.8 2 0.04
5.21 4.2 2 0.04
5.21 4.4 2 0.04
5.21 4.6000000000000005 2 0.04
5.21 4.8 2 0.04
5.21 5.0 2 0.04
5.21 5.2 2 0.04
5.21 5.4 2 0.04
5.21 5.6000000000000005 2 0.04
5.21 5.8 2 0.04
5.21 6.0 2 0.04
5.21 6.2 2 0.04
5.21 6.4 2 0.04
5.21 6.6000000000000005 2 0.04
5.21 6.8 2 0.04
5.21 7.0 2 0.04
5.21 7.2 2 0.04
5.21 7.4 2 0.04
5.21 7.6000000000000005 2 0.04
5.21 7.8 2 0.04
5.21 8.0 2 0.04
5.21 8.2 2 0.04
5.21 8.4 2 0.04
5.21 8.6 2 0.04
5.21 8.8 2 0.04
5.21 9.0 2 0.04
5.21 9.200000000000001 2 0.04
5.21 9.4 2 0.04
5.21 9.6 2 0.04
5.21 9.8 2 0.04
5.21 10.0 2 0.04
5.21 10.200000000000001 2 0.04
5.21 10.4 2 0.04
5.21 10.6 2 0.04
5.21 10.8 2 0.04
5.21 11.0 2 0.04
5.21 11.200000000000001 2 0.04
5.21 11.4 2 0.04
5.21 11.6 2 0.04
5.21 11.8 2 0.04
5.21 12.0 2 0.04
5.21 12.200000000000001 2 0.04
5.21 12.4 2 0.04
5.21 12.6 2 0.04
5.21 12.8 2 0.04
5.41 4.2 2 0.04
5.41 4.4 2 0.04
5.41 4.6000000000000005 2 0.04
5.41 4.8 2 0.04
5.41 5.0 2 0.04
5.41 5.2 2 0.04
5.41 5.4 2 0.04
5.41 5.6000000000000005 2 0.04
5.41 5.8 2 0.04
5.41 6.0 2 0.04
5.41 6.2 2 0.04
5.41 6.4 2 0.04
5.41 6.6000000000000005 2 0.04
5.41 6.8 2 0.04
5.41 7.0 2 0.04
5.41 7.2 3 0.04
5.41 7.4 3 0.04
5.41 7.6000000000000005 3 0.04
5.41 7.8 3 0.04
5.41 8.0 3 0.04
5.41 8.2 3 0.04
5.41 8.4 3 0.04
5.41 8.6 3 0.04
5.41 8.8 3 0.04
5.41 9.0 3 0.04
5.41 9.200000000000001 3 0.04
5.41 9.4 3 0.04
5.41 9.6 3 0.04
5.41 9.8 3 0.04
5.41 10.0 2 0.04
5.41 10.200000000000001 2 0.04
5.41 10.4 2 0.04
5.41 10.6 2 0.04
5.41 10.8 2 0.04
5.41 11.0 2 0.04
5.41 11.200000000000001 2 0.04
5.41 11.4 2 0.04
5.41 11.6 2 0.04
5.41 11.8 2 0.04
5.41 12.0 2 0.04
5.41 12.200000000000001 2 0.04
5.41 12.4 2 0.04
5.41 12.6 2 0.04
5.41 12.8 2 0.04
5.61 4.2 2 0.04
5.61 4.4 2 0.04
5.61 4.6000000000000005 2 0.04
5.61 4.8 2 0.04
5.61 5.0 2 0.04
5.61 5.2 2 0.04
5.61 5.4 2 0.04
5.61 5.6000000000000005 2 0.04
5.61 5.8 2 0.04
5.61 6.0 2 0.04
5.61 6.2 2 0.04
5.61 6.4 2 0.04
5.61 6.6000000000000005 2 0.04
5.61 6.8 2 0.04
5.61 7.0 2 0.04
5.61 7.2 3 0.04
5.61 7.4 3 0.04
5.61 7.6000000000000005 3 0.04
5.61 7.8 3 0.04
5.61 8.0 3 0.04
5.61 8.2 3 0.04
5.61 8.4 3 0.04
5.61 8.6 3 0.04
5.61 8.8 3 0.04
5.61 9.0 3 0.04
5.61 9.200000000000001 3 0.04
5.61 9.4 3 0.04
5.61 9.6 3 0.04
5.61 9.8 3 0.04
5.61 10.0 2 0.04
5.61 10.200000000000001 2 0.04
5.61 10.4 2 0.04
5.61 10.6 2 0.04
5.61 10.8 2 0.04
5.61 11.0 2 0.04
5.61 11.200000000000001 2 0.04
5.61 11.4 2 0.04
5.61 11.6 2 0.04
5.61 11.8 2 0.04
5.61 12.0 2 0.04
5.61 12.200000000000001 2 0.04
5.61 12.4 2 0.04
5.61 12.6 2 0.04
5.61 12.8 2 0.04
5.8100000000000005 4.2 2 0.04
5.8100000000000005 4.4 2 0.04
5.8100000000000005 4.6000000000000005 2 0.04
5.8100000000000005 4.8 2 0.04
5.8100000000000005 5.0 2 0.04
5.8100000000000005 5.2 2 0.04
5.8100000000000005 5.4 2 0.04
5.8100000000000005 5.6000000000000005 2 0.04
5.8100000000000005 5.8 2 0.04
5.8100000000000005 6.0 2 0.04
5.8100000000000005 6.2 2 0.04
5.8100000000000005 6.4 2 0.04
5.8100000000000005 6.6000000000000005 2 0.04
5.8100000000000005 6.8 2 0.04
5.8100000000000005 7.0 2 0.04
5.8100000000000005 7.2 3 0.04
5.8100000000000005 7.4 3 0.04
5.8100000000000005 7.6000000000000005 3 0.04
5.8100000000000005 7.8 3 0.04
5.8100000000000005 8.0 3 0.04
5.8100000000000005 8.2 3 0.04
5.8100000000000005 8.4 3 0.04
5.8100000000000005 8.6 3 0.04
5.8100000000000005 8.8 3 0.04
5.8100000000000005 9.0 3 0.04
5.8100000000000005 9.200000000000001 3 0.04
5.8100000000000005 9.4 3 0.04
5.8100000000000005 9.6 3 0.04
5.8100000000000005 9.8 3 0.04
5.8100000000000005 10.0 2 0.04
5.8100000000000005 10.200000000000001 2 0.04
5.8100000000000005 10.4 2 0.04
5.8100000000000005 10.6 2 0.04
5.8100000000000005 10.8 2 0.04
5.8100000000000005 11.0 2 0.04
5.8100000000000005 11.200000000000001 2 0.04
5.8100000000000005 11.4 2 0.04
5.8100000000000005 11.6 2 0.04
5.8100000000000005 11.8 2 0.04
5.8100000000000005 12.0 2 0.04
5.8100000000000005 12.200000000000001 2 0.04
5.8100000000000005 12.4 2 0.04
5.8100000000000005 12.6 2 0.04
5.8100000000000005 12.8 2 0.04
6.01 4.2 2 0.04
6.01 4.4 2 0.04
6.01 4.6000000000000005 2 0.04
6.01 4.8 2 0.04
6.01 5.0 2 0.04
6.01 5.2 2 0.04
6.01 5.4 2 0.04
6.01 5.6000000000000005 2 0.04
6.01 5.8 2 0.04
6.01 6.0 2 0.04
6.01 6.2 2 0.04
6.01 6.4 2 0.04
6.01 6.6000000000000005 2 0.04
6.01 6.8 2 0.04
6.01 7.0 2 0.04
6.01 7.2 3 0.04
6.01 7.4 3 0.04
6.01 7.6000000000000005 3 0.04
6.01 7.8 3 0.04
6.01 8.0 3 0.04
6.01 8.2 3 0.04
6.01 8.4 3 0.04
6.01 8.6 3 0.04
6.01 8.8 3 0.04
6.01 9.0 3 0.04
6.01 9.200000000000001 3 0.04
6.01 9.4 3 0.04
6.01 9.6 3 0.04
6.01 9.8 3 0.04
6.01 10.0 2 0.04
6.01 10.200000000000001 2 0.04
6.01 10.4 2 0.04
6.01 10.6 2 0.04
6.01 10.8 2 0.04
6.01 11.0 2 0.04
6.01 11.200000000000001 2 0.04
6.01 11.4 2 0.04
6.01 11.6 2 0.04
6.01 11.8 2 0.04
6.01 12.0 2 0.04
6.01 12.200000000000001 2 0.04
6.01 12.4 2 0.04
6.01 12.6 2 0.04
6.01 12.8 2 0.04
6.21 4.2 2 0.04
6.21 4.4 2 0.04
6.21 4.6000000000000005 2 0.04
6.21 4.8 2 0.04
6.21 5.0 2 0.04
6.21 5.2 2 0.04
6.21 5.4 2 0.04
6.21 5.6000000000000005 2 0.04
6.21 5.8 2 0.04
6.21 6.0 2 0.04
6.21 6.2 2 0.04
6.21 6.4 2 0.04
6.21 6.6000000000000005 2 0.04
6.21 6.8 2 0.04
6.21 7.0 2 0.04
6.21 7.2 3 0.04
6.21 7.4 3 0.04
6.21 7.6000000000000005 3 0.04
6.21 7.8 3 0.04
6.21 8.0 3 0.04
6.21 8.2 3 0.04
6.21 8.4 3 0.04
6.21 8.6 3 0.04
6.21 8.8 3 0.04
6.21 9.0 3 0.04
6.21 9.200000000000001 3 0.04
6.21 9.4 3 0.04
6.21 9.6 3 0.04
6.21 9.8 3 0.04
6.21 10.0 2 0.04
6.21 10.200000000000001 2 0.04
6.21 10.4 2 0.04
6.21 10.6 2 0.04
6.21 10.8 2 0.04
6.21 11.0 2 0.04
6.21 11.200000000000001 2 0.04
6.21 11.4 2 0.04
6.21 11.6 2 0.04
6.21 11.8 2 0.04
6.21 12.0 2 0.04
6.21 12.200000000000001 2 0.04
6.21 12.4 2 0.04
6.21 12.6 2 0.04
6.21 12.8 2 0.04
6.41 4.2 2 0.04
6.41 4.4 2 0.04
6.41 4.6000000000000005 2 0.04
6.41 4.8 2 0.04
6.41 5.0 2 0.04
6.41 5.2 2 0.04
6.41 5.4 2 0.04
6.41 5.6000000000000005 2 0.04
6.41 5.8 2 0.04
6.41 6.0 2 0.04
6.41 6.2 2 0.04
6.41 6.4 2 0.04
6.41 6.6000000000000005 2 0.04
6.41 6.8 2 0.04
6.41 7.0 2 0.04
6.41 7.2 3 0.04
6.41 7.4 3 0.04
6.41 7.6000000000000005 3 0.04
6.41 7.8 3 0.04
6.41 8.0 3 0.04
6.41 8.2 3 0.04
6.41 8.4 3 0.04
6.41 8.6 3 0.04
6.41 8.8 3 0.04
6.41 9.0 3 0.04
6.41 9.200000000000001 3 0.04
6.41 9.4 3 0.04
6.41 9.6 3 0.04
6.41 9.8 3 0.04
6.41 10.0 2 0.04
6.41 10.200000000000001 2 0.04
6.41 10.4 2 0.04
6.41 10.6 2 0.04
6.41 10.8 2 0.04
6.41 11.0 2 0.04
6.41 11.200000000000001 2 0.04
6.41 11.4 2 0.04
6.41 11.6 2 0.04
6.41 11.8 2 0.04
6.41 12.0 2 0.04
6.41 12.200000000000001 2 0.04
6.41 12.4 2 0.04
6.41 12.6 2 0.04
6.41 12.8 2 0.04
6.61 4.2 2 0.04
6.61 4.4 2 0.04
6.61 4.6000000000000005 2 0.04
6.61 4.8 2 0.04
6.61 5.0 2 0.04
6.61 5.2 2 0.04
6.61 5.4 2 0.04
6.61 5.6000000000000005 2 0.04
6.61 5.8 2 0.04
6.61 6.0 2 0.04
6.61 6.2 2 0.04
6.61 6.4 2 0.04
6.61 6.6000000000000005 2 0.04
6.61 6.8 2 0.04
6.61 7.0 2 0.04
6.61 7.2 3 0.04
6.61 7.4 3 0.04
6.61 7.6000000000000005 3 0.04
6.61 7.8 3 0.04
6.61 8.0 3 0.04
6.61 8.2 3 0.04
6.61 8.4 3 0.04
6.61 8.6 3 0.04
6.61 8.8 3 0.04
6.61 9.0 3 0.04
6.61 9.200000000000001 3 0.04
6.61 9.4 3 0.04
6.61 9.6 3 0.04
6.61 9.8 3 0.04
6.61 10.0 2 0.04
6.61 10.200000000000001 2 0.04
6.61 10.4 2 0.04
6.61 10.6 2 0.04
6.61 10.8 2 0.04
6.61 11.0 2 0.04
6.61 11.200000000000001 2 0.04
6.61 11.4 2 0.04
6.61 11.6 2 0.04
6.61 11.8 2 0.04
6.61 12.0 2 0.04
6.61 12.200000000000001 2 0.04
6.61 12.4 2 0.04
6.61 12.6 2 0.04
6.61 12.8 2 0.04
6.8100000000000005 4.2 2 0.04
6.8100000000000005 4.4 2 0.04
6.8100000000000005 4.6000000000000005 2 0.04
6.8100000000000005 4.8 2 0.04
6.8100000000000005 5.0 2 0.04
6.8100000000000005 5.2 2 0.04
6.8100000000000005 5.4 2 0.04
6.8100000000000005 5.6000000000000005 2 0.04
6.8100000000000005 5.8 2 0.04
6.8100000000000005 6.0 2 0.04
6.8100000000000005 6.2 2 0.04
6.8100000000000005 6.4 2 0.04
6.8100000000000005 6.6000000000000005 2 0.04
6.8100000000000005 6.8 2 0.04
6.8100000000000005 7.0 2 0.04
6.8100000000000005 7.2 3 0.04
6.8100000000000005 7.4 3 0.04
6.8100000000000005 7.6000000000000005 3 0.04
6.8100000000000005 7.8 3 0.04
6.8100000000000005 8.0 3 0.04
6.8100000000000005 8.2 3 0.04
6.8100000000000005 8.4 3 0.04
6.8100000000000005 8.6 3 0.04
6.8100000000000005 8.8 3 0.04
6.8100000000000005 9.0 3 0.04
6.8100000000000005 9.200000000000001 3 0.04
6.8100000000000005 9.4 3 0.04
6.8100000000000005 9.6 3 0.04
6.8100000000000005 9.8 3 0.04
6.8100000000000005 10.0 2 0.04
6.8100000000000005 10.200000000000001 2 0.04
6.8100000000000005 10.4 2 0.04
6.8100000000000005 10.6 2 0.04
6.8100000000000005 10.8 2 0.04
6.8100000000000005 11.0 2 0.04
6.8100000000000005 11.200000000000001 2 0.04
6.8100000000000005 11.4 2 0.04
6.8100000000000005 11.6 2 0.04
6.8100000000000005 11.8 2 0.04
6.8100000000000005 12.0 2 0.04
6.8100000000000005 12.200000000000001 2 0.04
6.8100000000000005 12.4 2 0.04
6.8100000000000005 12.6 2 0.04
6.8100000000000005 12.8 2 0.04
7.01 4.2 2 0.04
7.01 4.4 2 0.04
7.01 4.6000000000000005 2 0.04
7.01 4.8 2 0.04
7.01 5.0 2 0.04
7.01 5.2 2 0.04
7.01 5.4 2 0.04
7.01 5.6000000000000005 2 0.04
7.01 5.8 2 0.04
7.01 6.0 2 0.04
7.01 6.2 2 0.04
7.01 6.4 2 0.04
7.01 6.6000000000000005 2 0.04
7.01 6.8 2 0.04
7.01 7.0 2 0.04
7.01 7.2 3 0.04
7.01 7.4 3 0.04
7.01 7.6000000000000005 3 0.04
7.01 7.8 3 0.04
7.01 8.0 3 0.04
7.01 8.2 3 0.04
7.01 8.4 3 0.04
7.01 8.6 3 0.04
7.01 8.8 3 0.04
7.01 9.0 3 0.04
7.01 9.200000000000001 3 0.04
7.01 9.4 3 0.04
7.01 9.6 3 0.04
7.01 9.8 3 0.04
7.01 10.0 2 0.04
7.01 10.200000000000001 2 0.04
7.01 10.4 2 0.04
7.01 10.6 2 0.04
7.01 10.8 2 0.04
7.01 11.0 2 0.04
7.01 11.200000000000001 2 0.04
7.01 11.4 2 0.04
7.01 11.6 2 0.04
7.01 11.8 2 0.04
7.01 12.0 2 0.04
7.01 12.200000000000001 2 0.04
7.01 12.4 2 0.04
7.01 12.6 2 0.04
7.01 12.8 2 0.04
7.21 4.2 2 0.04
7.21 4.4 2 0.04
7.21 4.6000000000000005 2 0.04
7.21 4.8 2 0.04
7.21 5.0 2 0.04
7.21 5.2 2 0.04
7.21 5.4 2 0.04
7.21 5.6000000000000005 2 0.04
7.21 5.8 2 0.04
7.21 6.0 2 0.04
7.21 6.2 2 0.04
7.21 6.4 2 0.04
7.21 6.6000000000000005 2 0.04
7.21 6.8 2 0.04
7.21 7.0 2 0.04
7.21 7.2 3 0.04
7.21 7.4 3 0.04
7.21 7.6000000000000005 3 0.04
7.21 7.8 3 0.04
7.21 8.0 3 0.04
7.21 8.2 3 0.04
7.21 8.4 3 0.04
7.21 8.6 3 0.04
7.21 8.8 3 0.04
7.21 9.0 3 0.04
7.21 9.200000000000001 3 0.04
7.21 9.4 3 0.04
7.21 9.6 3 0.04
7.21 9.8 3 0.04
7.21 10.0 2 0.04
7.21 10.200000000000001 2 0.04
7.21 10.4 2 0.04
7.21 10.6 2 0.04
7.21 10.8 2 0.04
7.21 11.0 2 0.04
7.21 11.200000000000001 2 0.04
7.21 11.4 2 0.04
7.21 11.6 2 0.04
7.21 11.8 2 0.04
7.21 12.0 2 0.04
7.21 12.200000000000001 2 0.04
7.21 12.4 2 0.04
7.21 12.6 2 0.04
7.21 12.8 2 0.04
7.41 4.2 2 0.04
7.41 4.4 2 0.04
7.41 4.6000000000000005 2 0.04
7.41 4.8 2 0.04
7.41 5.0 2 0.04
7.41 5.2 2 0.04
7.41 5.4 2 0.04
7.41 5.6000000000000005 2 0.04
7.41 5.8 2 0.04
7.41 6.0 2 0.04
7.41 6.2 2 0.04
7.41 6.4 2 0.04
7.41 6.6000000000000005 2 0.04
7.41 6.8 2 0.04
7.41 7.0 2 0.04
7.41 7.2 3 0.04
7.41 7.4 3 0.04
7.41 7.6000000000000005 3 0.04
7.41 7.8 3 0.04
7.41 8.0 3 0.04
7.41 8.2 3 0.04
7.41 8.4 3 0.04
7.41 8.6 3 0.04
7.41 8.8 3 0.04
7.41 9.0 3 0.04
7.41 9.200000000000001 3 0.04
7.41 9.4 3 0.04
7.41 9.6 3 0.04
7.41 9.8 3 0.04
7.41 10.0 2 0.04
7.41 10.200000000000001 2 0.04
7.41 10.4 2 0.04
7.41 10.6 2 0.04
7.41 10.8 2 0.04
7.41 11.0 2 0.04
7.41 11.200000000000001 2 0.04
7.41 11.4 2 0.04
7.41 11.6 2 0.04
7.41 11.8 2 0.04
7.41 12.0 2 0.04
7.41 12.200000000000001 2 0.04
7.41 12.4 2 0.04
7.41 12.6 2 0.04
7.41 12.8 2 0.04
7.61 4.2 2 0.04
7.61 4.4 2 0.04
7.61 4.6000000000000005 2 0.04
7.61 4.8 2 0.04
7.61 5.0 2 0.04
7.61 5.2 2 0.04
7.61 5.4 2 0.04
7.61 5.6000000000000005 2 0.04
7.61 5.8 2 0.04
7.61 6.0 2 0.04
7.61 6.2 2 0.04
7.61 6.4 2 0.04
7.61 6.6000000000000005 2 0.04
7.61 6.8 2 0.04
7.61 7.0 2 0.04
7.61 7.2 3 0.04
7.61 7.4 3 0.04
7.61 7.6000000000000005 3 0.04
7.61 7.8 3 0.04
7.61 8.0 3 0.04
7.61 8.2 3 0.04
7.61 8.4 3 0.04
7.61 8.6 3 0.04
7.61 8.8 3 0.04
7.61 9.0 3 0.04
7.61 9.200000000000001 3 0.04
7.61 9.4 3 0.04
7.61 9.6 3 0.04
7.61 9.8 3 0.04
7.61 10.0 2 0.04
7.61 10.200000000000001 2 0.04
7.61 10.4 2 0.04
7.61 10.6 2 0.04
7.61 10.8 2 0.04
7.61 11.0 2 0.04
7.61 11.200000000000001 2 0.04
7.61 11.4 2 0.04
7.61 11.6 2 0.04
7.61 11.8 2 0.04
7.61 12.0 2 0.04
7.61 12.200000000000001 2 0.04
7.61 12.4 2 0.04
7.61 12.6 2 0.04
7.61 12.8 2 0.04
7.8100000000000005 4.2 2 0.04
7.8100000000000005 4.4 2 0.04
7.8100000000000005 4.6000000000000005 2 0.04
7.8100000000000005 4.8 2 0.04
7.8100000000000005 5.0 2 0.04
7.8100000000000005 5.2 2 0.04
7.8100000000000005 5.4 2 0.04
7.8100000000000005 5.6000000000000005 2 0.04
7.8100000000000005 5.8 2 0.04
7.8100000000000005 6.0 2 0.04
7.8100000000000005 6.2 2 0.04
7.8100000000000005 6.4 2 0.04
7.8100000000000005 6.6000000000000005 2 0.04
7.8100000000000005 6.8 2 0.04
7.8100000000000005 7.0 2 0.04
7.8100000000000005 7.2 3 0.04
7.8100000000000005 7.4 3 0.04
7.8100000000000005 7.6000000000000005 3 0.04
7.8100000000000005 7.8 3 0.04
7.8100000000000005 8.0 3 0.04
7.8100000000000005 8.2 3 0.04
7.8100000000000005 8.4 3 0.04
7.8100000000000005 8.6 3 0.04
7.8100000000000005 8.8 3 0.04
7.8100000000000005 9.0 3 0.04
7.8100000000000005 9.200000000000001 3 0.04
7.8100000000000005 9.4 3 0.04
7.8100000000000005 9.6 3 0.04
7.8100000000000005 9.8 3 0.04
7.8100000000000005 10.0 2 0.04
7.8100000000000005 10.200000000000001 2 0.04
7.8100000000000005 10.4 2 0.04
7.8100000000000005 10.6 2 0.04
7.8100000000000005 10.8 2 0.04
7.8100000000000005 11.0 2 0.04
7.8100000000000005 11.200000000000001 2 0.04
7.8100000000000005 11.4 2 0.04
7.8100000000000005 11.6 2 0.04
7.8100000000000005 11.8 2 0.04
7.8100000000000005 12.0 2 0.04
7.8100000000000005 12.200000000000001 2 0.04
7.8100000000000005 12.4 2 0.04
7.8100000000000005 12.6 2 0.04
7.8100000000000005 12.8 2 0.04
8.01 4.2 2 0.04
8.01 4.4 2 0.04
8.01 4.6000000000000005 2 0.04
8.01 4.8 2 0.04
8.01 5.0 2 0.04
8.01 5.2 2 0.04
8.01 5.4 2 0.04
8.01 5.6000000000000005 2 0.04
8.01 5.8 2 0.04
8.01 6.0 2 0.04
8.01 6.2 2 0.04
8.01 6.4 2 0.04
8.01 6.6000000000000005 2 0.04
8.01 6.8 2 0.04
8.01 7.0 2 0.04
8.01 7.2 3 0.04
8.01 7.4 3 0.04
8.01 7.6000000000000005 3 0.04
8.01 7.8 3 0.04
8.01 8.0 3 0.04
8.01 8.2 3 0.04
8.01 8.4 3 0.04
8.01 8.6 3 0.04
8.01 8.8 3 0.04
8.01 9.0 3 0.04
8.01 9.200000000000001 3 0.04
8.01 9.4 3 0.04
8.01 9.6 3 0.04
8.01 9.8 3 0.04
8.01 10.0 2 0.04
8.01 10.200000000000001 2 0.04
8.01 10.4 2 0.04
8.01 10.6 2 0.04
8.01 10.8 2 0.04
8.01 11.0 2 0.04
8.01 11.200000000000001 2 0.04
8.01 11.4 2 0.04
8.01 11.6 2 0.04
8.01 11.8 2 0.04
8.01 12.0 2 0.04
8.01 12.200000000000001 2 0.04
8.01 12.4 2 0.04
8.01 12.6 2 0.04
8.01 12.8 2 0.04
8.21 4.2 2 0.04
8.21 4.4 2 0.04
8.21 4.6000000000000005 2 0.04
8.21 4.8 2 0.04
8.21 5.0 2 0.04
8.21 5.2 2 0.04
8.21 5.4 2 0.04
8.21 5.6000000000000005 2 0.04
8.21 5.8 2 0.04
8.21 6.0 2 0.04
8.21 6.2 2 0.04
8.21 6.4 2 0.04
8.21 6.6000000000000005 2 0.04
8.21 6.8 2 0.04
8.21 7.0 2 0.04
8.21 7.2 2 0.04
8.21 7.4 2 0.04
8.21 7.6000000000000005 2 0.04
8.21 7.8 2 0.04
8.21 8.0 2 0.04
8.21 8.2 2 0.04
8.21 8.4 2 0.04
8.21 8.6 2 0.04
8.21 8.8 2 0.04
8.21 9.0 2 0.04
8.21 9.200000000000001 2 0.04
8.21 9.4 2 0.04
8.21 9.6 2 0.04
8.21 9.8 2 0.04
8.21 10.0 2 0.04
8.21 10.200000000000001 2 0.04
8.21 10.4 2 0.04
8.21 10.6 2 0.04
8.21 10.8 2 0.04
8.21 11.0 2 0.04
8.21 11.200000000000001 2 0.04
8.21 11.4 2 0.04
8.21 11.6 2 0.04
8.21 11.8 2 0.04
8.21 12.0 2 0.04
8.21 12.200000000000001 2 0.04
8.21 12.4 2 0.04
8.21 12.6 2 0.04
8.21 12.8 2 0.04
8.41 4.2 2 0.04
8.41 4.4 2 0.04
8.41 4.6000000000000005 2 0.04
8.41 4.8 2 0.04
8.41 5.0 2 0.04
8.41 5.2 2 0.04
8.41 5.4 2 0.04
8.41 5.6000000000000005 2 0.04
8.41 5.8 2 0.04
8.41 6.0 2 0.04
8.41 6.2 2 0.04
8.41 6.4 2 0.04
8.41 6.6000000000000005 2 0.04
8.41 6.8 2 0.04
8.41 7.0 2 0.04
8.41 7.2 2 0.04
8.41 7.4 2 0.04
8.41 7.6000000000000005 2 0.04
8.41 7.8 2 0.04
8.41 8.0 2 0.04
8.41 8.2 2 0.04
8.41 8.4 2 0.04
8.41 8.6 2 0.04
8.41 8.8 2 0.04
8.41 9.0 2 0.04
8.41 9.200000000000001 2 0.04
8.41 9.4 2 0.04
8.41 9.6 2 0.04
8.41 9.8 2 0.04
8.41 10.0 2 0.04
8.41 10.200000000000001 2 0.04
8.41 10.4 2 0.04
8.41 10.6 2 0.04
8.41 10.8 2 0.04
8.41 11.0 2 0.04
8.41 11.200000000000001 2 0.04
8.41 11.4 2 0.04
8.41 11.6 2 0.04
8.41 11.8 2 0.04
8.41 12.0 2 0.04
8.41 12.200000000000001 2 0.04
8.41 12.4 2 0.04
8.41 12.6 2 0.04
8.41 12.8 2 0.04
8.61 4.2 2 0.04
8.61 4.4 2 0.04
8.61 4.6000000000000005 2 0.04
8.61 4.8 2 0.04
8.61 5.0 2 0.04
8.61 5.2 2 0.04
8.61 5.4 2 0.04
8.61 5.6000000000000005 2 0.04
8.61 5.8 2 0.04
8.61 6.0 2 0.04
8.61 6.2 2 0.04
8.61 6.4 2 0.04
8.61 6.6000000000000005 2 0.04
8.61 6.8 2 0.04
8.61 7.0 2 0.04
8.61 7.2 2 0.04
8.61 7.4 2 0.04
8.61 7.6000000000000005 2 0.04
8.61 7.8 2 0.04
8.61 8.0 2 0.04
8.61 8.2 2 0.04
8.61 8.4 2 0.04
8.61 8.6 2 0.04
8.61 8.8 2 0.04
8.61 9.0 2 0.04
8.61 9.200000000000001 2 0.04
8.61 9.4 2 0.04
8.61 9.6 2 0.04
8.61 9.8 2 0.04
8.61 10.0 2 0.04
8.61 10.200000000000001 2 0.04
8.61 10.4 2 0.04
8.61 10.6 2 0.04
8.61 10.8 2 0.04
8.61 11.0 2 0.04
8.61 11.200000000000001 2 0.04
8.61 11.4 2 0.04
8.61 11.6 2 0.04
8.61 11.8 2 0.04
8.61 12.0 2 0.04
8.61 12.200000000000001 2 0.04
8.61 12.4 2 0.04
8.61 12.6 2 0.04
8.61 12.8 2 0.04
8.81 4.2 2 0.04
8.81 4.4 2 0.04
8.81 4.6000000000000005 2 0.04
8.81 4.8 2 0.04
8.81 5.0 2 0.04
8.81 5.2 2 0.04
8.81 5.4 2 0.04
8.81 5.6000000000000005 2 0.04
8.81 5.8 2 0.04
8.81 6.0 2 0.04
8.81 6.2 2 0.04
8.81 6.4 2 0.04
8.81 6.6000000000000005 2 0.04
8.81 6.8 2 0.04
8.81 7.0 2 0.04
8.81 7.2 2 0.04
8.81 7.4 2 0.04
8.81 7.6000000000000005 2 0.04
8.81 7.8 2 0.04
8.81 8.0 2 0.04
8.81 8.2 2 0.04
8.81 8.4 2 0.04
8.81 8.6 2 0.04
8.81 8.8 2 0.04
8.81 9.0 2 0.04
8.81 9.200000000000001 2 0.04
8.81 9.4 2 0.04
8.81 9.6 2 0.04
8.81 9.8 2 0.04
8.81 10.0 2 0.04
8.81 10.200000000000001 2 0.04
8.81 10.4 2 0.04
8.81 10.6 2 0.04
8.81 10.8 2 0.04
8.81 11.0 2 0.04
8.81 11.200000000000001 2 0.04
8.81 11.4 2 0.04
8.81 11.6 2 0.04
8.81 11.8 2 0.04
8.81 12.0 2 0.04
8.81 12.200000000000001 2 0.04
8.81 12.4 2 0.04
8.81 12.6 2 0.04
8.81 12.8 2 0.04
9.01 4.2 2 0.04
9.01 4.4 2 0.04
9.01 4.6000000000000005 2 0.04
9.01 4.8 2 0.04
9.01 5.0 2 0.04
9.01 5.2 2 0.04
9.01 5.4 2 0.04
9.01 5.6000000000000005 2 0.04
9.01 5.8 2 0.04
9.01 6.0 2 0.04
9.01 6.2 2 0.04
9.01 6.4 2 0.04
9.01 6.6000000000000005 2 0.04
9.01 6.8 2 0.04
9.01 7.0 2 0.04
9.01 7.2 2 0.04
9.01 7.4 2 0.04
9.01 7.6000000000000005 2 0.04
9.01 7.8 2 0.04
9.01 8.0 2 0.04
9.01 8.2 2 0.04
9.01 8.4 2 0.04
9.01 8.6 2 0.04
9.01 8.8 2 0.04
9.01 9.0 2 0.04
9.01 9.200000000000001 2 0.04
9.01 9.4 2 0.04
9.01 9.6 2 0.04
9.01 9.8 2 0.04
9.01 10.0 2 0.04
9.01 10.200000000000001 2 0.04
9.01 10.4 2 0.04
9.01 10.6 2 0.04
9.01 10.8 2 0.04
9.01 11.0 2 0.04
9.01 11.200000000000001 2 0.04
9.01 11.4 2 0.04
9.01 11.6 2 0.04
9.01 11.8 2 0.04
9.01 12.0 2 0.04
9.01 12.200000000000001 2 0.04
9.01 12.4 2 0.04
9.01 12.6 2 0.04
9.01 12.8 2 0.04
9.21 4.2 2 0.04
9.21 4.4 2 0.04
9.21 4.6000000000000005 2 0.04
9.21 4.8 2 0.04
9.21 5.0 2 0.04
9.21 5.2 2 0.04
9.21 5.4 2 0.04
9.21 5.6000000000000005 2 0.04
9.21 5.8 2 0.04
9.21 6.0 2 0.04
9.21 6.2 2 0.04
9.21 6.4 2 0.04
9.21 6.6000000000000005 2 0.04
9.21 6.8 2 0.04
9.21 7.0 2 0.04
9.21 7.2 2 0.04
9.21 7.4 2 0.04
9.21 7.6000000000000005 2 0.04
9.21 7.8 2 0.04
9.21 8.0 2 0.04
9.21 8.2 2 0.04
9.21 8.4 2 0.04
9.21 8.6 2 0.04
9.21 8.8 2 0.04
9.21 9.0 2 0.04
9.21 9.200000000000001 2 0.04
9.21 9.4 2 0.04
9.21 9.6 2 0.04
9.21 9.8 2 0.04
9.21 10.0 2 0.04
9.21 10.200000000000001 2 0.04
9.21 10.4 2 0.04
9.21 10.6 2 0.04
9.21 10.8 2 0.04
9.21 11.0 2 0.04
9.21 11.200000000000001 2 0.04
9.21 11.4 2 0.04
9.21 11.6 2 0.04
9.21 11.8 2 0.04
9.21 12.0 2 0.04
9.21 12.200000000000001 2 0.04
9.21 12.4 2 0.04
9.21 12.6 2 0.04
9.21 12.8 2 0.04
9.41 4.2 2 0.04
9.41 4.4 2 0.04
9.41 4.6000000000000005 2 0.04
9.41 4.8 2 0.04
9.41 5.0 2 0.04
9.41 5.2 2 0.04
9.41 5.4 2 0.04
9.41 5.6000000000000005 2 0.04
9.41 5.8 2 0.04
9.41 6.0 2 0.04
9.41 6.2 2 0.04
9.41 6.4 2 0.04
9.41 6.6000000000000005 2 0.04
9.41 6.8 2 0.04
9.41 7.0 2 0.04
9.41 7.2 2 0.04
9.41 7.4 2 0.04
9.41 7.6000000000000005 2 0.04
9.41 7.8 2 0.04
9.41 8.0 2 0.04
9.41 8.2 2 0.04
9.41 8.4 2 0.04
9.41 8.6 2 0.04
9.41 8.8 2 0.04
9.41 9.0 2 0.04
9.41 9.200000000000001 2 0.04
9.41 9.4 2 0.04
9.41 9.6 2 0.04
9.41 9.8 2 0.04
9.41 10.0 2 0.04
9.41 10.200000000000001 2 0.04
9.41 10.4 2 0.04
9.41 10.6 2 0.04
9.41 10.8 2 0.04
9.41 11.0 2 0.04
9.41 11.200000000000001 2 0.04
9.41 11.4 2 0.04
9.41 11.6 2 0.04
9.41 11.8 2 0.04
9.41 12.0 2 0.04
9.41 12.200000000000001 2 0.04
9.41 12.4 2 0.04
9.41 12.6 2 0.04
9.41 12.8 2 0.04
9.61 4.2 2 0.04
9.61 4.4 2 0.04
9.61 4.6000000000000005 2 0.04
9.61 4.8 2 0.04
9.61 5.0 2 0.04
9.61 5.2 2 0.04
9.61 5.4 2 0.04
9.61 5.6000000000000005 2 0.04
9.61 5.8 2 0.04
9.61 6.0 2 0.04
9.61 6.2 2 0.04
9.61 6.4 2 0.04
9.61 6.6000000000000005 2 0.04
9.61 6.8 2 0.04
9.61 7.0 2 0.04
9.61 7.2 2 0.04
9.61 7.4 2 0.04
9.61 7.6000000000000005 2 0.04
9.61 7.8 2 0.04
9.61 8.0 2 0.04
9.61 8.2 2 0.04
9.61 8.4 2 0.04
9.61 8.6 2 0.04
9.61 8.8 2 0.04
9.61 9.0 2 0.04
9.61 9.200000000000001 2 0.04
9.61 9.4 2 0.04
9.61 9.6 2 0.04
9.61 9.8 2 0.04
9.61 10.0 2 0.04
9.61 10.200000000000001 2 0.04
9.61 10.4 2 0.04
9.61 10.6 2 0.04
9.61 10.8 2 0.04
9.61 11.0 2 0.04
9.61 11.200000000000001 2 0.04
9.61 11.4 2 0.04
9.61 11.6 2 0.04
9.61 11.8 2 0.04
9.61 12.0 2 0.04
9.61 12.200000000000001 2 0.04
9.61 12.4 2 0.04
9.61 12.6 2 0.04
9.61 12.8 2 0.04
9.81 4.2 2 0.04
9.81 4.4 2 0.04
9.81 4.6000000000000005 2 0.04
9.81 4.8 2 0.04
9.81 5.0 2 0.04
9.81 5.2 2 0.04
9.81 5.4 2 0.04
9.81 5.6000000000000005 2 0.04
9.81 5.8 2 0.04
9.81 6.0 2 0.04
9.81 6.2 2 0.04
9.81 6.4 2 0.04
9.81 6.6000000000000005 2 0.04
9.81 6.8 2 0.04
9.81 7.0 2 0.04
9.81 7.2 2 0.04
9.81 7.4 2 0.04
9.81 7.6000000000000005 2 0.04
9.81 7.8 2 0.04
9.81 8.0 2 0.04
9.81 8.2 2 0.04
9.81 8.4 2 0.04
9.81 8.6 2 0.04
9.81 8.8 2 0.04
9.81 9.0 2 0.04
9.81 9.200000000000001 2 0.04
9.81 9.4 2 0.04
9.81 9.6 2 0.04
9.81 9.8 2 0.04
9.81 10.0 2 0.04
9.81 10.200000000000001 2 0.04
9.81 10.4 2 0.04
9.81 10.6 2 0.04
9.81 10.8 2 0.04
9.81 11.0 2 0.04
9.81 11.200000000000001 2 0.04
9.81 11.4 2 0.04
9.81 11.6 2 0.04
9.81 11.8 2 0.04
9.81 12.0 2 0.04
9.81 12.200000000000001 2 0.04
9.81 12.4 2 0.04
9.81 12.6 2 0.04
9.81 12.8 2 0.04
10.01 4.2 4 0.04
10.01 4.4 4 0.04
10.01 4.6000000000000005 4 0.04
10.01 4.8 4 0.04
10.01 5.0 4 0.04
10.01 5.2 4 0.04
10.01 5.4 4 0.04
10.01 5.6000000000000005 4 0.04
10.01 5.8 4 0.04
10.01 6.0 4 0.04
10.01 6.2 4 0.04
10.01 6.4 4 0.04
10.01 6.6000000000000005 4 0.04
10.01 6.8 4 0.04
10.01 7.0 4 0.04
10.01 7.2 4 0.04
10.01 7.4 4 0.04
10.01 7.6000000000000005 4 0.04
10.01 7.8 4 0.04
10.01 8.0 4 0.04
10.01 8.2 4 0.04
10.01 8.4 4 0.04
10.01 8.6 4 0.04
10.01 8.8 4 0.04
10.01 9.0 4 0.04
10.01 9.200000000000001 4 0.04
10.01 9.4 4 0.04
10.01 9.6 4 0.04
10.01 9.8 4 0.04
10.01 10.0 4 0.04
10.01 10.200000000000001 4 0.04
10.01 10.4 4 0.04
10.01 10.6 4 0.04
10.01 10.8 4 0.04
10.01 11.0 4 0.04
10.01 11.200000000000001 4 0.04
10.01 11.4 4 0.04
10.01 11.6 4 0.04
10.01 11.8 4 0.04
10.01 12.0 4 0.04
10.01 12.200000000000001 4 0.04
10.01 12.4 4 0.04
10.01 12.6 4 0.04
10.01 12.8 4 0.04
10.21 4.2 4 0.04
10.21 4.4 4 0.04
10.21 4.6000000000000005 4 0.04
10.21 4.8 4 0.04
10.21 5.0 4 0.04
10.21 5.2 4 0.04
10.21 5.4 4 0.04
10.21 5.6000000000000005 4 0.04
10.21 5.8 4 0.04
10.21 6.0 4 0.04
10.21 6.2 4 0.04
10.21 6.4 4 0.04
10.21 6.6000000000000005 4 0.04
10.21 6.8 4 0.04
10.21 7.0 4 0.04
10.21 7.2 4 0.04
10.21 7.4 4 0.04
10.21 7.6000000000000005 4 0.04
10.21 7.8 4 0.04
10.21 8.0 4 0.04
10.21 8.2 4 0.04
10.21 8.4 4 0.04
10.21 8.6 4 0.04
10.21 8.8 4 0.04
10.21 9.0 4 0.04
10.21 9.200000000000001 4 0.04
10.21 9.4 4 0.04
10.21 9.6 4 0.04
10.21 9.8 4 0.04
10.21 10.0 4 0.04
10.21 10.200000000000001 4 0.04
10.21 10.4 4 0.04
10.21 10.6 4 0.04
10.21 10.8 4 0.04
10.21 11.0 4 0.04
10.21 11.200000000000001 4 0.04
10.21 11.4 4 0.04
10.21 11.6 4 0.04
10.21 11.8 4 0.04
10.21 12.0 4 0.04
10.21 12.200000000000001 4 0.04
10.21 12.4 4 0.04
10.21 12.6 4 0.04
10.21 12.8 4 0.04
10.41 4.2 4 0.04
10.41 4.4 4 0.04
10.41 4.6000000000000005 4 0.04
10.41 4.8 4 0.04
10.41 5.0 4 0.04
10.41 5.2 4 0.04
10.41 5.4 4 0.04
10.41 5.6000000000000005 4 0.04
10.41 5.8 4 0.04
10.41 6.0 4 0.04
10.41 6.2 4 0.04
10.41 6.4 4 0.04
10.41 6.6000000000000005 4 0.04
10.41 6.8 4 0.04
10.41 7.0 4 0.04
10.41 7.2 4 0.04
10.41 7.4 4 0.04
10.41 7.6000000000000005 4 0.04
10.41 7.8 4 0.04
10.41 8.0 4 0.04
10.41 8.2 4 0.04
10.41 8.4 4 0.04
10.41 8.6 4 0.04
10.41 8.8 4 0.04
10.41 9.0 4 0.04
10.41 9.200000000000001 4 0.04
10.41 9.4 4 0.04
10.41 9.6 4 0.04
10.41 9.8 4 0.04
10.41 10.0 4 0.04
10.41 10.200000000000001 4 0.04
10.41 10.4 4 0.04
10.41 10.6 4 0.04
10.41 10.8 4 0.04
10.41 11.0 4 0.04
10.41 11.200000000000001 4 0.04
10.41 11.4 4 0.04
10.41 11.6 4 0.04
10.41 11.8 4 0.04
10.41 12.0 4 0.04
10.41 12.200000000000001 4 0.04
10.41 12.4 4 0.04
10.41 12.6 4 0.04
10.41 12.8 4 0.04
10.61 4.2 4 0.04
10.61 4.4 4 0.04
10.61 4.6000000000000005 4 0.04
10.61 4.8 4 0.04
10.61 5.0 4 0.04
10.61 5.2 4 0.04
10.61 5.4 4 0.04
10.61 5.6000000000000005 4 0.04
10.61 5.8 4 0.04
10.61 6.0 4 0.04
10.61 6.2 4 0.04
10.61 6.4 4 0.04
10.61 6.6000000000000005 4 0.04
10.61 6.8 4 0.04
10.61 7.0 4 0.04
10.61 7.2 4 0.04
10.61 7.4 4 0.04
10.61 7.6000000000000005 4 0.04
10.61 7.8 4 0.04
10.61 8.0 4 0.04
10.61 8.2 4 0.04
10.61 8.4 4 0.04
10.61 8.6 4 0.04
10.61 8.8 4 0.04
10.61 9.0 4 0.04
10.61 9.200000000000001 4 0.04
10.61 9.4 4 0.04
10.61 9.6 4 0.04
10.61 9.8 4 0.04
10.61 10.0 4 0.04
10.61 10.200000000000001 4 0.04
10.61 10.4 4 0.04
10.61 10.6 4 0.04
10.61 10.8 4 0.04
10.61 11.0 4 0.04
10.61 11.200000000000001 4 0.04
10.61 11.4 4 0.04
10.61 11.6 4 0.04
10.61 11.8 4 0.04
10.61 12.0 4 0.04
10.61 12.200000000000001 4 0.04
10.61 12.4 4 0.04
10.61 12.6 4 0.04
10.61 12.8 4 0.04
10.81 4.2 4 0.04
10.81 4.4 4 0.04
10.81 4.6000000000000005 4 0.04
10.81 4.8 4 0.04
10.81 5.0 4 0.04
10.81 5.2 4 0.04
10.81 5.4 4 0.04
10.81 5.6000000000000005 4 0.04
10.81 5.8 4 0.04
10.81 6.0 4 0.04
10.81 6.2 4 0.04
10.81 6.4 4 0.04
10.81 6.6000000000000005 4 0.04
10.81 6.8 4 0.04
10.81 7.0 4 0.04
10.81 7.2 4 0.04
10.81 7.4 4 0.04
10.81 7.6000000000000005 4 0.04
10.81 7.8 4 0.04
10.81 8.0 4 0.04
10.81 8.2 4 0.04
10.81 8.4 4 0.04
10.81 8.6 4 0.04
10.81 8.8 4 0.04
10.81 9.0 4 0.04
10.81 9.200000000000001 4 0.04
10.81 9.4 4 0.04
10.81 9.6 4 0.04
10.81 9.8 4 0.04
10.81 10.0 4 0.04
10.81 10.200000000000001 4 0.04
10.81 10.4 4 0.04
10.81 10.6 4 0.04
10.81 10.8 4 0.04
10.81 11.0 4 0.04
10.81 11.200000000000001 4 0.04
10.81 11.4 4 0.04
10.81 11.6 4 0.04
10.81 11.8 4 0.04
10.81 12.0 4 0.04
10.81 12.200000000000001 4 0.04
10.81 12.4 4 0.04
10.81 12.6 4 0.04
10.81 12.8 4 0.04
11.01 4.2 4 0.04
11.01 4.4 4 0.04
11.01 4.6000000000000005 4 0.04
11.01 4.8 4 0.04
11.01 5.0 4 0.04
11.01 5.2 4 0.04
11.01 5.4 4 0.04
11.01 5.6000000000000005 4 0.04
11.01 5.8 4 0.04
11.01 6.0 4 0.04
11.01 6.2 4 0.04
11.01 6.4 4 0.04
11.01 6.6000000000000005 4 0.04
11.01 6.8 4 0.04
11.01 7.0 4 0.04
11.01 7.2 4 0.04
11.01 7.4 4 0.04
11.01 7.6000000000000005 4 0.04
11.01 7.8 4 0.04
11.01 8.0 4 0.04
11.01 8.2 4 0.04
11.01 8.4 4 0.04
11.01 8.6 4 0.04
11.01 8.8 4 0.04
11.01 9.0 4 0.04
11.01 9.200000000000001 4 0.04
11.01 9.4 4 0.04
11.01 9.6 4 0.04
11.01 9.8 4 0.04
11.01 10.0 4 0.04
11.01 10.200000000000001 4 0.04
11.01 10.4 4 0.04
11.01 10.6 4 0.04
11.01 10.8 4 0.04
11.01 11.0 4 0.04
11.01 11.200000000000001 4 0.04
11.01 11.4 4 0.04
11.01 11.6 4 0.04
11.01 11.8 4 0.04
11.01 12.0 4 0.04
11.01 12.200000000000001 4 0.04
11.01 12.4 4 0.04
11.01 12.6 4 0.04
11.01 12.8 4 0.04
