# SPDX-FileCopyrightText: 2023 Christian Willberg <christian.willberg@dlr.de>, Jan-Timo Hesse <jan-timo.hesse@dlr.de>
#
# SPDX-License-Identifier: BSD-3-Clause

header: x y block_id volume
0.0 0.0 1 6.25e-6
0.0025 0.0 1 6.25e-6
0.005 0.0 1 6.25e-6
0.0075 0.0 1 6.25e-6
0.01 0.0 1 6.25e-6
0.0125 0.0 1 6.25e-6
0.015 0.0 1 6.25e-6
0.0175 0.0 1 6.25e-6
0.02 0.0 1 6.25e-6
0.0225 0.0 1 6.25e-6
0.025 0.0 1 6.25e-6
0.0275 0.0 1 6.25e-6
0.03 0.0 1 6.25e-6
0.0325 0.0 1 6.25e-6
0.035 0.0 1 6.25e-6
0.0375 0.0 1 6.25e-6
0.04 0.0 1 6.25e-6
0.0425 0.0 1 6.25e-6
0.045 0.0 1 6.25e-6
0.0475 0.0 1 6.25e-6
0.05 0.0 1 6.25e-6
0.0525 0.0 1 6.25e-6
0.055 0.0 1 6.25e-6
0.0575 0.0 1 6.25e-6
0.06 0.0 1 6.25e-6
0.0625 0.0 1 6.25e-6
0.065 0.0 1 6.25e-6
0.0675 0.0 1 6.25e-6
0.07 0.0 1 6.25e-6
0.0725 0.0 1 6.25e-6
0.075 0.0 1 6.25e-6
0.0775 0.0 1 6.25e-6
0.08 0.0 1 6.25e-6
0.0825 0.0 1 6.25e-6
0.085 0.0 1 6.25e-6
0.0875 0.0 1 6.25e-6
0.09 0.0 1 6.25e-6
0.0925 0.0 1 6.25e-6
0.095 0.0 1 6.25e-6
0.0975 0.0 1 6.25e-6
0.1 0.0 1 6.25e-6
0.1025 0.0 1 6.25e-6
0.105 0.0 1 6.25e-6
0.1075 0.0 1 6.25e-6
0.11 0.0 1 6.25e-6
0.1125 0.0 1 6.25e-6
0.115 0.0 1 6.25e-6
0.1175 0.0 1 6.25e-6
0.12 0.0 1 6.25e-6
0.1225 0.0 1 6.25e-6
0.125 0.0 1 6.25e-6
0.1275 0.0 1 6.25e-6
0.13 0.0 1 6.25e-6
0.1325 0.0 1 6.25e-6
0.135 0.0 1 6.25e-6
0.1375 0.0 1 6.25e-6
0.14 0.0 1 6.25e-6
0.1425 0.0 1 6.25e-6
0.145 0.0 1 6.25e-6
0.1475 0.0 1 6.25e-6
0.15 0.0 1 6.25e-6
0.1525 0.0 1 6.25e-6
0.155 0.0 1 6.25e-6
0.1575 0.0 1 6.25e-6
0.16 0.0 1 6.25e-6
0.1625 0.0 1 6.25e-6
0.165 0.0 1 6.25e-6
0.1675 0.0 1 6.25e-6
0.17 0.0 1 6.25e-6
0.1725 0.0 1 6.25e-6
0.175 0.0 1 6.25e-6
0.1775 0.0 1 6.25e-6
0.18 0.0 1 6.25e-6
0.1825 0.0 1 6.25e-6
0.185 0.0 1 6.25e-6
0.1875 0.0 1 6.25e-6
0.19 0.0 1 6.25e-6
0.1925 0.0 1 6.25e-6
0.195 0.0 1 6.25e-6
0.1975 0.0 1 6.25e-6
0.2 0.0 1 6.25e-6
0.0 0.0025 1 6.25e-6
0.0025 0.0025 1 6.25e-6
0.005 0.0025 1 6.25e-6
0.0075 0.0025 1 6.25e-6
0.01 0.0025 1 6.25e-6
0.0125 0.0025 1 6.25e-6
0.015 0.0025 1 6.25e-6
0.0175 0.0025 1 6.25e-6
0.02 0.0025 1 6.25e-6
0.0225 0.0025 1 6.25e-6
0.025 0.0025 1 6.25e-6
0.0275 0.0025 1 6.25e-6
0.03 0.0025 1 6.25e-6
0.0325 0.0025 1 6.25e-6
0.035 0.0025 1 6.25e-6
0.0375 0.0025 1 6.25e-6
0.04 0.0025 1 6.25e-6
0.0425 0.0025 1 6.25e-6
0.045 0.0025 1 6.25e-6
0.0475 0.0025 1 6.25e-6
0.05 0.0025 1 6.25e-6
0.0525 0.0025 1 6.25e-6
0.055 0.0025 1 6.25e-6
0.0575 0.0025 1 6.25e-6
0.06 0.0025 1 6.25e-6
0.0625 0.0025 1 6.25e-6
0.065 0.0025 1 6.25e-6
0.0675 0.0025 1 6.25e-6
0.07 0.0025 1 6.25e-6
0.0725 0.0025 1 6.25e-6
0.075 0.0025 1 6.25e-6
0.0775 0.0025 1 6.25e-6
0.08 0.0025 1 6.25e-6
0.0825 0.0025 1 6.25e-6
0.085 0.0025 1 6.25e-6
0.0875 0.0025 1 6.25e-6
0.09 0.0025 1 6.25e-6
0.0925 0.0025 1 6.25e-6
0.095 0.0025 1 6.25e-6
0.0975 0.0025 1 6.25e-6
0.1 0.0025 1 6.25e-6
0.1025 0.0025 1 6.25e-6
0.105 0.0025 1 6.25e-6
0.1075 0.0025 1 6.25e-6
0.11 0.0025 1 6.25e-6
0.1125 0.0025 1 6.25e-6
0.115 0.0025 1 6.25e-6
0.1175 0.0025 1 6.25e-6
0.12 0.0025 1 6.25e-6
0.1225 0.0025 1 6.25e-6
0.125 0.0025 1 6.25e-6
0.1275 0.0025 1 6.25e-6
0.13 0.0025 1 6.25e-6
0.1325 0.0025 1 6.25e-6
0.135 0.0025 1 6.25e-6
0.1375 0.0025 1 6.25e-6
0.14 0.0025 1 6.25e-6
0.1425 0.0025 1 6.25e-6
0.145 0.0025 1 6.25e-6
0.1475 0.0025 1 6.25e-6
0.15 0.0025 1 6.25e-6
0.1525 0.0025 1 6.25e-6
0.155 0.0025 1 6.25e-6
0.1575 0.0025 1 6.25e-6
0.16 0.0025 1 6.25e-6
0.1625 0.0025 1 6.25e-6
0.165 0.0025 1 6.25e-6
0.1675 0.0025 1 6.25e-6
0.17 0.0025 1 6.25e-6
0.1725 0.0025 1 6.25e-6
0.175 0.0025 1 6.25e-6
0.1775 0.0025 1 6.25e-6
0.18 0.0025 1 6.25e-6
0.1825 0.0025 1 6.25e-6
0.185 0.0025 1 6.25e-6
0.1875 0.0025 1 6.25e-6
0.19 0.0025 1 6.25e-6
0.1925 0.0025 1 6.25e-6
0.195 0.0025 1 6.25e-6
0.1975 0.0025 1 6.25e-6
0.2 0.0025 1 6.25e-6
0.0 0.005 1 6.25e-6
0.0025 0.005 1 6.25e-6
0.005 0.005 1 6.25e-6
0.0075 0.005 1 6.25e-6
0.01 0.005 1 6.25e-6
0.0125 0.005 1 6.25e-6
0.015 0.005 1 6.25e-6
0.0175 0.005 1 6.25e-6
0.02 0.005 1 6.25e-6
0.0225 0.005 1 6.25e-6
0.025 0.005 1 6.25e-6
0.0275 0.005 1 6.25e-6
0.03 0.005 1 6.25e-6
0.0325 0.005 1 6.25e-6
0.035 0.005 1 6.25e-6
0.0375 0.005 1 6.25e-6
0.04 0.005 1 6.25e-6
0.0425 0.005 1 6.25e-6
0.045 0.005 1 6.25e-6
0.0475 0.005 1 6.25e-6
0.05 0.005 1 6.25e-6
0.0525 0.005 1 6.25e-6
0.055 0.005 1 6.25e-6
0.0575 0.005 1 6.25e-6
0.06 0.005 1 6.25e-6
0.0625 0.005 1 6.25e-6
0.065 0.005 1 6.25e-6
0.0675 0.005 1 6.25e-6
0.07 0.005 1 6.25e-6
0.0725 0.005 1 6.25e-6
0.075 0.005 1 6.25e-6
0.0775 0.005 1 6.25e-6
0.08 0.005 1 6.25e-6
0.0825 0.005 1 6.25e-6
0.085 0.005 1 6.25e-6
0.0875 0.005 1 6.25e-6
0.09 0.005 1 6.25e-6
0.0925 0.005 1 6.25e-6
0.095 0.005 1 6.25e-6
0.0975 0.005 1 6.25e-6
0.1 0.005 1 6.25e-6
0.1025 0.005 1 6.25e-6
0.105 0.005 1 6.25e-6
0.1075 0.005 1 6.25e-6
0.11 0.005 1 6.25e-6
0.1125 0.005 1 6.25e-6
0.115 0.005 1 6.25e-6
0.1175 0.005 1 6.25e-6
0.12 0.005 1 6.25e-6
0.1225 0.005 1 6.25e-6
0.125 0.005 1 6.25e-6
0.1275 0.005 1 6.25e-6
0.13 0.005 1 6.25e-6
0.1325 0.005 1 6.25e-6
0.135 0.005 1 6.25e-6
0.1375 0.005 1 6.25e-6
0.14 0.005 1 6.25e-6
0.1425 0.005 1 6.25e-6
0.145 0.005 1 6.25e-6
0.1475 0.005 1 6.25e-6
0.15 0.005 1 6.25e-6
0.1525 0.005 1 6.25e-6
0.155 0.005 1 6.25e-6
0.1575 0.005 1 6.25e-6
0.16 0.005 1 6.25e-6
0.1625 0.005 1 6.25e-6
0.165 0.005 1 6.25e-6
0.1675 0.005 1 6.25e-6
0.17 0.005 1 6.25e-6
0.1725 0.005 1 6.25e-6
0.175 0.005 1 6.25e-6
0.1775 0.005 1 6.25e-6
0.18 0.005 1 6.25e-6
0.1825 0.005 1 6.25e-6
0.185 0.005 1 6.25e-6
0.1875 0.005 1 6.25e-6
0.19 0.005 1 6.25e-6
0.1925 0.005 1 6.25e-6
0.195 0.005 1 6.25e-6
0.1975 0.005 1 6.25e-6
0.2 0.005 1 6.25e-6
0.0 0.0075 1 6.25e-6
0.0025 0.0075 1 6.25e-6
0.005 0.0075 1 6.25e-6
0.0075 0.0075 1 6.25e-6
0.01 0.0075 1 6.25e-6
0.0125 0.0075 1 6.25e-6
0.015 0.0075 1 6.25e-6
0.0175 0.0075 1 6.25e-6
0.02 0.0075 1 6.25e-6
0.0225 0.0075 1 6.25e-6
0.025 0.0075 1 6.25e-6
0.0275 0.0075 1 6.25e-6
0.03 0.0075 1 6.25e-6
0.0325 0.0075 1 6.25e-6
0.035 0.0075 1 6.25e-6
0.0375 0.0075 1 6.25e-6
0.04 0.0075 1 6.25e-6
0.0425 0.0075 1 6.25e-6
0.045 0.0075 1 6.25e-6
0.0475 0.0075 1 6.25e-6
0.05 0.0075 1 6.25e-6
0.0525 0.0075 1 6.25e-6
0.055 0.0075 1 6.25e-6
0.0575 0.0075 1 6.25e-6
0.06 0.0075 1 6.25e-6
0.0625 0.0075 1 6.25e-6
0.065 0.0075 1 6.25e-6
0.0675 0.0075 1 6.25e-6
0.07 0.0075 1 6.25e-6
0.0725 0.0075 1 6.25e-6
0.075 0.0075 1 6.25e-6
0.0775 0.0075 1 6.25e-6
0.08 0.0075 1 6.25e-6
0.0825 0.0075 1 6.25e-6
0.085 0.0075 1 6.25e-6
0.0875 0.0075 1 6.25e-6
0.09 0.0075 1 6.25e-6
0.0925 0.0075 1 6.25e-6
0.095 0.0075 1 6.25e-6
0.0975 0.0075 1 6.25e-6
0.1 0.0075 1 6.25e-6
0.1025 0.0075 1 6.25e-6
0.105 0.0075 1 6.25e-6
0.1075 0.0075 1 6.25e-6
0.11 0.0075 1 6.25e-6
0.1125 0.0075 1 6.25e-6
0.115 0.0075 1 6.25e-6
0.1175 0.0075 1 6.25e-6
0.12 0.0075 1 6.25e-6
0.1225 0.0075 1 6.25e-6
0.125 0.0075 1 6.25e-6
0.1275 0.0075 1 6.25e-6
0.13 0.0075 1 6.25e-6
0.1325 0.0075 1 6.25e-6
0.135 0.0075 1 6.25e-6
0.1375 0.0075 1 6.25e-6
0.14 0.0075 1 6.25e-6
0.1425 0.0075 1 6.25e-6
0.145 0.0075 1 6.25e-6
0.1475 0.0075 1 6.25e-6
0.15 0.0075 1 6.25e-6
0.1525 0.0075 1 6.25e-6
0.155 0.0075 1 6.25e-6
0.1575 0.0075 1 6.25e-6
0.16 0.0075 1 6.25e-6
0.1625 0.0075 1 6.25e-6
0.165 0.0075 1 6.25e-6
0.1675 0.0075 1 6.25e-6
0.17 0.0075 1 6.25e-6
0.1725 0.0075 1 6.25e-6
0.175 0.0075 1 6.25e-6
0.1775 0.0075 1 6.25e-6
0.18 0.0075 1 6.25e-6
0.1825 0.0075 1 6.25e-6
0.185 0.0075 1 6.25e-6
0.1875 0.0075 1 6.25e-6
0.19 0.0075 1 6.25e-6
0.1925 0.0075 1 6.25e-6
0.195 0.0075 1 6.25e-6
0.1975 0.0075 1 6.25e-6
0.2 0.0075 1 6.25e-6
0.0 0.01 1 6.25e-6
0.0025 0.01 1 6.25e-6
0.005 0.01 1 6.25e-6
0.0075 0.01 1 6.25e-6
0.01 0.01 1 6.25e-6
0.0125 0.01 1 6.25e-6
0.015 0.01 1 6.25e-6
0.0175 0.01 1 6.25e-6
0.02 0.01 1 6.25e-6
0.0225 0.01 1 6.25e-6
0.025 0.01 1 6.25e-6
0.0275 0.01 1 6.25e-6
0.03 0.01 1 6.25e-6
0.0325 0.01 1 6.25e-6
0.035 0.01 1 6.25e-6
0.0375 0.01 1 6.25e-6
0.04 0.01 1 6.25e-6
0.0425 0.01 1 6.25e-6
0.045 0.01 1 6.25e-6
0.0475 0.01 1 6.25e-6
0.05 0.01 1 6.25e-6
0.0525 0.01 1 6.25e-6
0.055 0.01 1 6.25e-6
0.0575 0.01 1 6.25e-6
0.06 0.01 1 6.25e-6
0.0625 0.01 1 6.25e-6
0.065 0.01 1 6.25e-6
0.0675 0.01 1 6.25e-6
0.07 0.01 1 6.25e-6
0.0725 0.01 1 6.25e-6
0.075 0.01 1 6.25e-6
0.0775 0.01 1 6.25e-6
0.08 0.01 1 6.25e-6
0.0825 0.01 1 6.25e-6
0.085 0.01 1 6.25e-6
0.0875 0.01 1 6.25e-6
0.09 0.01 1 6.25e-6
0.0925 0.01 1 6.25e-6
0.095 0.01 1 6.25e-6
0.0975 0.01 1 6.25e-6
0.1 0.01 1 6.25e-6
0.1025 0.01 1 6.25e-6
0.105 0.01 1 6.25e-6
0.1075 0.01 1 6.25e-6
0.11 0.01 1 6.25e-6
0.1125 0.01 1 6.25e-6
0.115 0.01 1 6.25e-6
0.1175 0.01 1 6.25e-6
0.12 0.01 1 6.25e-6
0.1225 0.01 1 6.25e-6
0.125 0.01 1 6.25e-6
0.1275 0.01 1 6.25e-6
0.13 0.01 1 6.25e-6
0.1325 0.01 1 6.25e-6
0.135 0.01 1 6.25e-6
0.1375 0.01 1 6.25e-6
0.14 0.01 1 6.25e-6
0.1425 0.01 1 6.25e-6
0.145 0.01 1 6.25e-6
0.1475 0.01 1 6.25e-6
0.15 0.01 1 6.25e-6
0.1525 0.01 1 6.25e-6
0.155 0.01 1 6.25e-6
0.1575 0.01 1 6.25e-6
0.16 0.01 1 6.25e-6
0.1625 0.01 1 6.25e-6
0.165 0.01 1 6.25e-6
0.1675 0.01 1 6.25e-6
0.17 0.01 1 6.25e-6
0.1725 0.01 1 6.25e-6
0.175 0.01 1 6.25e-6
0.1775 0.01 1 6.25e-6
0.18 0.01 1 6.25e-6
0.1825 0.01 1 6.25e-6
0.185 0.01 1 6.25e-6
0.1875 0.01 1 6.25e-6
0.19 0.01 1 6.25e-6
0.1925 0.01 1 6.25e-6
0.195 0.01 1 6.25e-6
0.1975 0.01 1 6.25e-6
0.2 0.01 1 6.25e-6
0.05 0.0105 2 6.25e-6
0.0525 0.0105 2 6.25e-6
0.055 0.0105 2 6.25e-6
0.0575 0.0105 2 6.25e-6
0.06 0.0105 2 6.25e-6
0.0625 0.0105 2 6.25e-6
0.065 0.0105 2 6.25e-6
0.0675 0.0105 2 6.25e-6
0.07 0.0105 2 6.25e-6
0.0725 0.0105 2 6.25e-6
0.075 0.0105 2 6.25e-6
0.0775 0.0105 2 6.25e-6
0.08 0.0105 2 6.25e-6
0.0825 0.0105 2 6.25e-6
0.085 0.0105 2 6.25e-6
0.0875 0.0105 2 6.25e-6
0.09 0.0105 2 6.25e-6
0.0925 0.0105 2 6.25e-6
0.095 0.0105 2 6.25e-6
0.0975 0.0105 2 6.25e-6
0.1 0.0105 2 6.25e-6
0.1025 0.0105 2 6.25e-6
0.105 0.0105 2 6.25e-6
0.1075 0.0105 2 6.25e-6
0.11 0.0105 2 6.25e-6
0.1125 0.0105 2 6.25e-6
0.115 0.0105 2 6.25e-6
0.1175 0.0105 2 6.25e-6
0.12 0.0105 2 6.25e-6
0.1225 0.0105 2 6.25e-6
0.125 0.0105 2 6.25e-6
0.1275 0.0105 2 6.25e-6
0.13 0.0105 2 6.25e-6
0.1325 0.0105 2 6.25e-6
0.135 0.0105 2 6.25e-6
0.1375 0.0105 2 6.25e-6
0.14 0.0105 2 6.25e-6
0.1425 0.0105 2 6.25e-6
0.145 0.0105 2 6.25e-6
0.1475 0.0105 2 6.25e-6
0.15 0.0105 2 6.25e-6
0.05 0.013 2 6.25e-6
0.0525 0.013 2 6.25e-6
0.055 0.013 2 6.25e-6
0.0575 0.013 2 6.25e-6
0.06 0.013 2 6.25e-6
0.0625 0.013 2 6.25e-6
0.065 0.013 2 6.25e-6
0.0675 0.013 2 6.25e-6
0.07 0.013 2 6.25e-6
0.0725 0.013 2 6.25e-6
0.075 0.013 2 6.25e-6
0.0775 0.013 2 6.25e-6
0.08 0.013 2 6.25e-6
0.0825 0.013 2 6.25e-6
0.085 0.013 2 6.25e-6
0.0875 0.013 2 6.25e-6
0.09 0.013 2 6.25e-6
0.0925 0.013 2 6.25e-6
0.095 0.013 2 6.25e-6
0.0975 0.013 2 6.25e-6
0.1 0.013 2 6.25e-6
0.1025 0.013 2 6.25e-6
0.105 0.013 2 6.25e-6
0.1075 0.013 2 6.25e-6
0.11 0.013 2 6.25e-6
0.1125 0.013 2 6.25e-6
0.115 0.013 2 6.25e-6
0.1175 0.013 2 6.25e-6
0.12 0.013 2 6.25e-6
0.1225 0.013 2 6.25e-6
0.125 0.013 2 6.25e-6
0.1275 0.013 2 6.25e-6
0.13 0.013 2 6.25e-6
0.1325 0.013 2 6.25e-6
0.135 0.013 2 6.25e-6
0.1375 0.013 2 6.25e-6
0.14 0.013 2 6.25e-6
0.1425 0.013 2 6.25e-6
0.145 0.013 2 6.25e-6
0.1475 0.013 2 6.25e-6
0.15 0.013 2 6.25e-6
0.05 0.0155 2 6.25e-6
0.0525 0.0155 2 6.25e-6
0.055 0.0155 2 6.25e-6
0.0575 0.0155 2 6.25e-6
0.06 0.0155 2 6.25e-6
0.0625 0.0155 2 6.25e-6
0.065 0.0155 2 6.25e-6
0.0675 0.0155 2 6.25e-6
0.07 0.0155 2 6.25e-6
0.0725 0.0155 2 6.25e-6
0.075 0.0155 2 6.25e-6
0.0775 0.0155 2 6.25e-6
0.08 0.0155 2 6.25e-6
0.0825 0.0155 2 6.25e-6
0.085 0.0155 2 6.25e-6
0.0875 0.0155 2 6.25e-6
0.09 0.0155 2 6.25e-6
0.0925 0.0155 2 6.25e-6
0.095 0.0155 2 6.25e-6
0.0975 0.0155 2 6.25e-6
0.1 0.0155 2 6.25e-6
0.1025 0.0155 2 6.25e-6
0.105 0.0155 2 6.25e-6
0.1075 0.0155 2 6.25e-6
0.11 0.0155 2 6.25e-6
0.1125 0.0155 2 6.25e-6
0.115 0.0155 2 6.25e-6
0.1175 0.0155 2 6.25e-6
0.12 0.0155 2 6.25e-6
0.1225 0.0155 2 6.25e-6
0.125 0.0155 2 6.25e-6
0.1275 0.0155 2 6.25e-6
0.13 0.0155 2 6.25e-6
0.1325 0.0155 2 6.25e-6
0.135 0.0155 2 6.25e-6
0.1375 0.0155 2 6.25e-6
0.14 0.0155 2 6.25e-6
0.1425 0.0155 2 6.25e-6
0.145 0.0155 2 6.25e-6
0.1475 0.0155 2 6.25e-6
0.15 0.0155 2 6.25e-6
0.05 0.018 2 6.25e-6
0.0525 0.018 2 6.25e-6
0.055 0.018 2 6.25e-6
0.0575 0.018 2 6.25e-6
0.06 0.018 2 6.25e-6
0.0625 0.018 2 6.25e-6
0.065 0.018 2 6.25e-6
0.0675 0.018 2 6.25e-6
0.07 0.018 2 6.25e-6
0.0725 0.018 2 6.25e-6
0.075 0.018 2 6.25e-6
0.0775 0.018 2 6.25e-6
0.08 0.018 2 6.25e-6
0.0825 0.018 2 6.25e-6
0.085 0.018 2 6.25e-6
0.0875 0.018 2 6.25e-6
0.09 0.018 2 6.25e-6
0.0925 0.018 2 6.25e-6
0.095 0.018 2 6.25e-6
0.0975 0.018 2 6.25e-6
0.1 0.018 2 6.25e-6
0.1025 0.018 2 6.25e-6
0.105 0.018 2 6.25e-6
0.1075 0.018 2 6.25e-6
0.11 0.018 2 6.25e-6
0.1125 0.018 2 6.25e-6
0.115 0.018 2 6.25e-6
0.1175 0.018 2 6.25e-6
0.12 0.018 2 6.25e-6
0.1225 0.018 2 6.25e-6
0.125 0.018 2 6.25e-6
0.1275 0.018 2 6.25e-6
0.13 0.018 2 6.25e-6
0.1325 0.018 2 6.25e-6
0.135 0.018 2 6.25e-6
0.1375 0.018 2 6.25e-6
0.14 0.018 2 6.25e-6
0.1425 0.018 2 6.25e-6
0.145 0.018 2 6.25e-6
0.1475 0.018 2 6.25e-6
0.15 0.018 2 6.25e-6
0.05 0.0205 2 6.25e-6
0.0525 0.0205 2 6.25e-6
0.055 0.0205 2 6.25e-6
0.0575 0.0205 2 6.25e-6
0.06 0.0205 2 6.25e-6
0.0625 0.0205 2 6.25e-6
0.065 0.0205 2 6.25e-6
0.0675 0.0205 2 6.25e-6
0.07 0.0205 2 6.25e-6
0.0725 0.0205 2 6.25e-6
0.075 0.0205 2 6.25e-6
0.0775 0.0205 2 6.25e-6
0.08 0.0205 2 6.25e-6
0.0825 0.0205 2 6.25e-6
0.085 0.0205 2 6.25e-6
0.0875 0.0205 2 6.25e-6
0.09 0.0205 2 6.25e-6
0.0925 0.0205 2 6.25e-6
0.095 0.0205 2 6.25e-6
0.0975 0.0205 2 6.25e-6
0.1 0.0205 2 6.25e-6
0.1025 0.0205 2 6.25e-6
0.105 0.0205 2 6.25e-6
0.1075 0.0205 2 6.25e-6
0.11 0.0205 2 6.25e-6
0.1125 0.0205 2 6.25e-6
0.115 0.0205 2 6.25e-6
0.1175 0.0205 2 6.25e-6
0.12 0.0205 2 6.25e-6
0.1225 0.0205 2 6.25e-6
0.125 0.0205 2 6.25e-6
0.1275 0.0205 2 6.25e-6
0.13 0.0205 2 6.25e-6
0.1325 0.0205 2 6.25e-6
0.135 0.0205 2 6.25e-6
0.1375 0.0205 2 6.25e-6
0.14 0.0205 2 6.25e-6
0.1425 0.0205 2 6.25e-6
0.145 0.0205 2 6.25e-6
0.1475 0.0205 2 6.25e-6
0.15 0.0205 2 6.25e-6
