# SPDX-FileCopyrightText: 2023 Christian Willberg <christian.willberg@dlr.de>, Jan-Timo Hesse <jan-timo.hesse@dlr.de>
#
# SPDX-License-Identifier: BSD-3-Clause

header: x y block_id volume Angles
-0.005 -0.01 4 1.00E-06 0
-0.004 -0.01 4 1.00E-06 0
-0.003 -0.01 4 1.00E-06 0
-0.002 -0.01 2 1.00E-06 0
-0.001 -0.01 2 1.00E-06 0
0 -0.01 2 1.00E-06 0
0.001 -0.01 2 1.00E-06 0
0.002 -0.01 2 1.00E-06 0
0.003 -0.01 2 1.00E-06 0
0.004 -0.01 2 1.00E-06 0
0.005 -0.01 2 1.00E-06 0
0.006 -0.01 2 1.00E-06 0
0.007 -0.01 2 1.00E-06 0
0.008 -0.01 2 1.00E-06 0
0.009 -0.01 2 1.00E-06 0
0.01 -0.01 2 1.00E-06 0
0.011 -0.01 2 1.00E-06 0
0.012 -0.01 2 1.00E-06 0
0.013 -0.01 2 1.00E-06 0
0.014 -0.01 2 1.00E-06 0
0.015 -0.01 2 1.00E-06 0
0.016 -0.01 2 1.00E-06 0
0.017 -0.01 2 1.00E-06 0
0.018 -0.01 2 1.00E-06 0
0.019 -0.01 2 1.00E-06 0
0.02 -0.01 2 1.00E-06 0
0.021 -0.01 2 1.00E-06 0
0.022 -0.01 2 1.00E-06 0
0.023 -0.01 2 1.00E-06 0
0.024 -0.01 2 1.00E-06 0
0.025 -0.01 2 1.00E-06 0
0.026 -0.01 2 1.00E-06 0
0.027 -0.01 2 1.00E-06 0
0.028 -0.01 2 1.00E-06 0
0.029 -0.01 2 1.00E-06 0
0.03 -0.01 2 1.00E-06 0
0.031 -0.01 2 1.00E-06 0
0.032 -0.01 2 1.00E-06 0
0.033 -0.01 2 1.00E-06 0
0.034 -0.01 2 1.00E-06 0
0.035 -0.01 2 1.00E-06 0
0.036 -0.01 2 1.00E-06 0
0.037 -0.01 2 1.00E-06 0
0.038 -0.01 2 1.00E-06 0
0.039 -0.01 2 1.00E-06 0
0.04 -0.01 2 1.00E-06 0
0.041 -0.01 2 1.00E-06 0
0.042 -0.01 2 1.00E-06 0
0.043 -0.01 2 1.00E-06 0
0.044 -0.01 2 1.00E-06 0
0.045 -0.01 2 1.00E-06 0
0.046 -0.01 2 1.00E-06 0
-0.005 -0.009 4 1.00E-06 0
-0.004 -0.009 4 1.00E-06 0
-0.003 -0.009 4 1.00E-06 0
-0.002 -0.009 2 1.00E-06 0
-0.001 -0.009 2 1.00E-06 0
0 -0.009 2 1.00E-06 0
0.001 -0.009 2 1.00E-06 0
0.002 -0.009 2 1.00E-06 0
0.003 -0.009 2 1.00E-06 0
0.004 -0.009 2 1.00E-06 0
0.005 -0.009 2 1.00E-06 0
0.006 -0.009 2 1.00E-06 0
0.007 -0.009 2 1.00E-06 0
0.008 -0.009 2 1.00E-06 0
0.009 -0.009 2 1.00E-06 0
0.01 -0.009 2 1.00E-06 0
0.011 -0.009 2 1.00E-06 0
0.012 -0.009 2 1.00E-06 0
0.013 -0.009 2 1.00E-06 0
0.014 -0.009 2 1.00E-06 0
0.015 -0.009 2 1.00E-06 0
0.016 -0.009 2 1.00E-06 0
0.017 -0.009 2 1.00E-06 0
0.018 -0.009 2 1.00E-06 0
0.019 -0.009 2 1.00E-06 0
0.02 -0.009 2 1.00E-06 0
0.021 -0.009 2 1.00E-06 0
0.022 -0.009 2 1.00E-06 0
0.023 -0.009 2 1.00E-06 0
0.024 -0.009 2 1.00E-06 0
0.025 -0.009 2 1.00E-06 0
0.026 -0.009 2 1.00E-06 0
0.027 -0.009 2 1.00E-06 0
0.028 -0.009 2 1.00E-06 0
0.029 -0.009 2 1.00E-06 0
0.03 -0.009 2 1.00E-06 0
0.031 -0.009 2 1.00E-06 0
0.032 -0.009 2 1.00E-06 0
0.033 -0.009 2 1.00E-06 0
0.034 -0.009 2 1.00E-06 0
0.035 -0.009 2 1.00E-06 0
0.036 -0.009 2 1.00E-06 0
0.037 -0.009 2 1.00E-06 0
0.038 -0.009 2 1.00E-06 0
0.039 -0.009 2 1.00E-06 0
0.04 -0.009 2 1.00E-06 0
0.041 -0.009 2 1.00E-06 0
0.042 -0.009 2 1.00E-06 0
0.043 -0.009 2 1.00E-06 0
0.044 -0.009 2 1.00E-06 0
0.045 -0.009 2 1.00E-06 0
0.046 -0.009 2 1.00E-06 0
-0.005 -0.008 4 1.00E-06 0
-0.004 -0.008 4 1.00E-06 0
-0.003 -0.008 4 1.00E-06 0
-0.002 -0.008 2 1.00E-06 0
-0.001 -0.008 2 1.00E-06 0
0 -0.008 2 1.00E-06 0
0.001 -0.008 2 1.00E-06 0
0.002 -0.008 2 1.00E-06 0
0.003 -0.008 2 1.00E-06 0
0.004 -0.008 2 1.00E-06 0
0.005 -0.008 2 1.00E-06 0
0.006 -0.008 2 1.00E-06 0
0.007 -0.008 2 1.00E-06 0
0.008 -0.008 2 1.00E-06 0
0.009 -0.008 2 1.00E-06 0
0.01 -0.008 2 1.00E-06 0
0.011 -0.008 2 1.00E-06 0
0.012 -0.008 2 1.00E-06 0
0.013 -0.008 2 1.00E-06 0
0.014 -0.008 2 1.00E-06 0
0.015 -0.008 2 1.00E-06 0
0.016 -0.008 2 1.00E-06 0
0.017 -0.008 2 1.00E-06 0
0.018 -0.008 2 1.00E-06 0
0.019 -0.008 2 1.00E-06 0
0.02 -0.008 2 1.00E-06 0
0.021 -0.008 2 1.00E-06 0
0.022 -0.008 2 1.00E-06 0
0.023 -0.008 2 1.00E-06 0
0.024 -0.008 2 1.00E-06 0
0.025 -0.008 2 1.00E-06 0
0.026 -0.008 2 1.00E-06 0
0.027 -0.008 2 1.00E-06 0
0.028 -0.008 2 1.00E-06 0
0.029 -0.008 2 1.00E-06 0
0.03 -0.008 2 1.00E-06 0
0.031 -0.008 2 1.00E-06 0
0.032 -0.008 2 1.00E-06 0
0.033 -0.008 2 1.00E-06 0
0.034 -0.008 2 1.00E-06 0
0.035 -0.008 2 1.00E-06 0
0.036 -0.008 2 1.00E-06 0
0.037 -0.008 2 1.00E-06 0
0.038 -0.008 2 1.00E-06 0
0.039 -0.008 2 1.00E-06 0
0.04 -0.008 2 1.00E-06 0
0.041 -0.008 2 1.00E-06 0
0.042 -0.008 2 1.00E-06 0
0.043 -0.008 2 1.00E-06 0
0.044 -0.008 2 1.00E-06 0
0.045 -0.008 2 1.00E-06 0
0.046 -0.008 2 1.00E-06 0
-0.005 -0.007 4 1.00E-06 0
-0.004 -0.007 4 1.00E-06 0
-0.003 -0.007 4 1.00E-06 0
-0.002 -0.007 2 1.00E-06 0
-0.001 -0.007 2 1.00E-06 0
0 -0.007 2 1.00E-06 0
0.001 -0.007 2 1.00E-06 0
0.002 -0.007 2 1.00E-06 0
0.003 -0.007 2 1.00E-06 0
0.004 -0.007 2 1.00E-06 0
0.005 -0.007 2 1.00E-06 0
0.006 -0.007 2 1.00E-06 0
0.007 -0.007 2 1.00E-06 0
0.008 -0.007 2 1.00E-06 0
0.009 -0.007 2 1.00E-06 0
0.01 -0.007 2 1.00E-06 0
0.011 -0.007 2 1.00E-06 0
0.012 -0.007 2 1.00E-06 0
0.013 -0.007 2 1.00E-06 0
0.014 -0.007 2 1.00E-06 0
0.015 -0.007 2 1.00E-06 0
0.016 -0.007 2 1.00E-06 0
0.017 -0.007 2 1.00E-06 0
0.018 -0.007 2 1.00E-06 0
0.019 -0.007 2 1.00E-06 0
0.02 -0.007 2 1.00E-06 0
0.021 -0.007 2 1.00E-06 0
0.022 -0.007 2 1.00E-06 0
0.023 -0.007 2 1.00E-06 0
0.024 -0.007 2 1.00E-06 0
0.025 -0.007 2 1.00E-06 0
0.026 -0.007 2 1.00E-06 0
0.027 -0.007 2 1.00E-06 0
0.028 -0.007 2 1.00E-06 0
0.029 -0.007 2 1.00E-06 0
0.03 -0.007 2 1.00E-06 0
0.031 -0.007 2 1.00E-06 0
0.032 -0.007 2 1.00E-06 0
0.033 -0.007 2 1.00E-06 0
0.034 -0.007 2 1.00E-06 0
0.035 -0.007 2 1.00E-06 0
0.036 -0.007 2 1.00E-06 0
0.037 -0.007 2 1.00E-06 0
0.038 -0.007 2 1.00E-06 0
0.039 -0.007 2 1.00E-06 0
0.04 -0.007 2 1.00E-06 0
0.041 -0.007 2 1.00E-06 0
0.042 -0.007 2 1.00E-06 0
0.043 -0.007 2 1.00E-06 0
0.044 -0.007 2 1.00E-06 0
0.045 -0.007 2 1.00E-06 0
0.046 -0.007 2 1.00E-06 0
-0.005 -0.006 4 1.00E-06 0
-0.004 -0.006 4 1.00E-06 0
-0.003 -0.006 4 1.00E-06 0
-0.002 -0.006 2 1.00E-06 0
-0.001 -0.006 2 1.00E-06 0
0 -0.006 2 1.00E-06 0
0.001 -0.006 2 1.00E-06 0
0.002 -0.006 2 1.00E-06 0
0.003 -0.006 2 1.00E-06 0
0.004 -0.006 2 1.00E-06 0
0.005 -0.006 2 1.00E-06 0
0.006 -0.006 2 1.00E-06 0
0.007 -0.006 2 1.00E-06 0
0.008 -0.006 2 1.00E-06 0
0.009 -0.006 2 1.00E-06 0
0.01 -0.006 2 1.00E-06 0
0.011 -0.006 2 1.00E-06 0
0.012 -0.006 2 1.00E-06 0
0.013 -0.006 2 1.00E-06 0
0.014 -0.006 2 1.00E-06 0
0.015 -0.006 2 1.00E-06 0
0.016 -0.006 2 1.00E-06 0
0.017 -0.006 2 1.00E-06 0
0.018 -0.006 2 1.00E-06 0
0.019 -0.006 2 1.00E-06 0
0.02 -0.006 2 1.00E-06 0
0.021 -0.006 2 1.00E-06 0
0.022 -0.006 2 1.00E-06 0
0.023 -0.006 2 1.00E-06 0
0.024 -0.006 2 1.00E-06 0
0.025 -0.006 2 1.00E-06 0
0.026 -0.006 2 1.00E-06 0
0.027 -0.006 2 1.00E-06 0
0.028 -0.006 2 1.00E-06 0
0.029 -0.006 2 1.00E-06 0
0.03 -0.006 2 1.00E-06 0
0.031 -0.006 2 1.00E-06 0
0.032 -0.006 2 1.00E-06 0
0.033 -0.006 2 1.00E-06 0
0.034 -0.006 2 1.00E-06 0
0.035 -0.006 2 1.00E-06 0
0.036 -0.006 2 1.00E-06 0
0.037 -0.006 2 1.00E-06 0
0.038 -0.006 2 1.00E-06 0
0.039 -0.006 2 1.00E-06 0
0.04 -0.006 2 1.00E-06 0
0.041 -0.006 2 1.00E-06 0
0.042 -0.006 2 1.00E-06 0
0.043 -0.006 2 1.00E-06 0
0.044 -0.006 2 1.00E-06 0
0.045 -0.006 2 1.00E-06 0
0.046 -0.006 2 1.00E-06 0
-0.005 -0.005 4 1.00E-06 0
-0.004 -0.005 4 1.00E-06 0
-0.003 -0.005 4 1.00E-06 0
-0.002 -0.005 2 1.00E-06 0
-0.001 -0.005 2 1.00E-06 0
0 -0.005 2 1.00E-06 0
0.001 -0.005 2 1.00E-06 0
0.002 -0.005 2 1.00E-06 0
0.003 -0.005 2 1.00E-06 0
0.004 -0.005 2 1.00E-06 0
0.005 -0.005 2 1.00E-06 0
0.006 -0.005 2 1.00E-06 0
0.007 -0.005 2 1.00E-06 0
0.008 -0.005 2 1.00E-06 0
0.009 -0.005 2 1.00E-06 0
0.01 -0.005 2 1.00E-06 0
0.011 -0.005 2 1.00E-06 0
0.012 -0.005 2 1.00E-06 0
0.013 -0.005 2 1.00E-06 0
0.014 -0.005 2 1.00E-06 0
0.015 -0.005 2 1.00E-06 0
0.016 -0.005 2 1.00E-06 0
0.017 -0.005 2 1.00E-06 0
0.018 -0.005 2 1.00E-06 0
0.019 -0.005 2 1.00E-06 0
0.02 -0.005 2 1.00E-06 0
0.021 -0.005 2 1.00E-06 0
0.022 -0.005 2 1.00E-06 0
0.023 -0.005 2 1.00E-06 0
0.024 -0.005 2 1.00E-06 0
0.025 -0.005 2 1.00E-06 0
0.026 -0.005 2 1.00E-06 0
0.027 -0.005 2 1.00E-06 0
0.028 -0.005 2 1.00E-06 0
0.029 -0.005 2 1.00E-06 0
0.03 -0.005 2 1.00E-06 0
0.031 -0.005 2 1.00E-06 0
0.032 -0.005 2 1.00E-06 0
0.033 -0.005 2 1.00E-06 0
0.034 -0.005 2 1.00E-06 0
0.035 -0.005 2 1.00E-06 0
0.036 -0.005 2 1.00E-06 0
0.037 -0.005 2 1.00E-06 0
0.038 -0.005 2 1.00E-06 0
0.039 -0.005 2 1.00E-06 0
0.04 -0.005 2 1.00E-06 0
0.041 -0.005 2 1.00E-06 0
0.042 -0.005 2 1.00E-06 0
0.043 -0.005 2 1.00E-06 0
0.044 -0.005 2 1.00E-06 0
0.045 -0.005 2 1.00E-06 0
0.046 -0.005 2 1.00E-06 0
-0.005 -0.004 4 1.00E-06 0
-0.004 -0.004 4 1.00E-06 0
-0.003 -0.004 4 1.00E-06 0
-0.002 -0.004 2 1.00E-06 0
-0.001 -0.004 2 1.00E-06 0
0 -0.004 2 1.00E-06 0
0.001 -0.004 2 1.00E-06 0
0.002 -0.004 2 1.00E-06 0
0.003 -0.004 2 1.00E-06 0
0.004 -0.004 2 1.00E-06 0
0.005 -0.004 2 1.00E-06 0
0.006 -0.004 2 1.00E-06 0
0.007 -0.004 2 1.00E-06 0
0.008 -0.004 2 1.00E-06 0
0.009 -0.004 2 1.00E-06 0
0.01 -0.004 2 1.00E-06 0
0.011 -0.004 2 1.00E-06 0
0.012 -0.004 2 1.00E-06 0
0.013 -0.004 2 1.00E-06 0
0.014 -0.004 2 1.00E-06 0
0.015 -0.004 2 1.00E-06 0
0.016 -0.004 2 1.00E-06 0
0.017 -0.004 2 1.00E-06 0
0.018 -0.004 2 1.00E-06 0
0.019 -0.004 2 1.00E-06 0
0.02 -0.004 2 1.00E-06 0
0.021 -0.004 2 1.00E-06 0
0.022 -0.004 2 1.00E-06 0
0.023 -0.004 2 1.00E-06 0
0.024 -0.004 2 1.00E-06 0
0.025 -0.004 2 1.00E-06 0
0.026 -0.004 2 1.00E-06 0
0.027 -0.004 2 1.00E-06 0
0.028 -0.004 2 1.00E-06 0
0.029 -0.004 2 1.00E-06 0
0.03 -0.004 2 1.00E-06 0
0.031 -0.004 2 1.00E-06 0
0.032 -0.004 2 1.00E-06 0
0.033 -0.004 2 1.00E-06 0
0.034 -0.004 2 1.00E-06 0
0.035 -0.004 2 1.00E-06 0
0.036 -0.004 2 1.00E-06 0
0.037 -0.004 2 1.00E-06 0
0.038 -0.004 2 1.00E-06 0
0.039 -0.004 2 1.00E-06 0
0.04 -0.004 2 1.00E-06 0
0.041 -0.004 2 1.00E-06 0
0.042 -0.004 2 1.00E-06 0
0.043 -0.004 2 1.00E-06 0
0.044 -0.004 2 1.00E-06 0
0.045 -0.004 2 1.00E-06 0
0.046 -0.004 2 1.00E-06 0
-0.005 -0.003 4 1.00E-06 0
-0.004 -0.003 4 1.00E-06 0
-0.003 -0.003 4 1.00E-06 0
-0.002 -0.003 2 1.00E-06 0
-0.001 -0.003 2 1.00E-06 0
0 -0.003 2 1.00E-06 0
0.001 -0.003 2 1.00E-06 0
0.002 -0.003 2 1.00E-06 0
0.003 -0.003 2 1.00E-06 0
0.004 -0.003 2 1.00E-06 0
0.005 -0.003 2 1.00E-06 0
0.006 -0.003 2 1.00E-06 0
0.007 -0.003 2 1.00E-06 0
0.008 -0.003 2 1.00E-06 0
0.009 -0.003 2 1.00E-06 0
0.01 -0.003 2 1.00E-06 0
0.011 -0.003 2 1.00E-06 0
0.012 -0.003 2 1.00E-06 0
0.013 -0.003 2 1.00E-06 0
0.014 -0.003 2 1.00E-06 0
0.015 -0.003 2 1.00E-06 0
0.016 -0.003 2 1.00E-06 0
0.017 -0.003 2 1.00E-06 0
0.018 -0.003 2 1.00E-06 0
0.019 -0.003 2 1.00E-06 0
0.02 -0.003 2 1.00E-06 0
0.021 -0.003 2 1.00E-06 0
0.022 -0.003 2 1.00E-06 0
0.023 -0.003 2 1.00E-06 0
0.024 -0.003 2 1.00E-06 0
0.025 -0.003 2 1.00E-06 0
0.026 -0.003 2 1.00E-06 0
0.027 -0.003 2 1.00E-06 0
0.028 -0.003 2 1.00E-06 0
0.029 -0.003 2 1.00E-06 0
0.03 -0.003 2 1.00E-06 0
0.031 -0.003 2 1.00E-06 0
0.032 -0.003 2 1.00E-06 0
0.033 -0.003 2 1.00E-06 0
0.034 -0.003 2 1.00E-06 0
0.035 -0.003 2 1.00E-06 0
0.036 -0.003 2 1.00E-06 0
0.037 -0.003 2 1.00E-06 0
0.038 -0.003 2 1.00E-06 0
0.039 -0.003 2 1.00E-06 0
0.04 -0.003 2 1.00E-06 0
0.041 -0.003 2 1.00E-06 0
0.042 -0.003 2 1.00E-06 0
0.043 -0.003 2 1.00E-06 0
0.044 -0.003 2 1.00E-06 0
0.045 -0.003 2 1.00E-06 0
0.046 -0.003 2 1.00E-06 0
-0.005 -0.002 4 1.00E-06 0
-0.004 -0.002 4 1.00E-06 0
-0.003 -0.002 4 1.00E-06 0
-0.002 -0.002 2 1.00E-06 0
-0.001 -0.002 2 1.00E-06 0
0 -0.002 2 1.00E-06 0
0.001 -0.002 2 1.00E-06 0
0.002 -0.002 2 1.00E-06 0
0.003 -0.002 2 1.00E-06 0
0.004 -0.002 2 1.00E-06 0
0.005 -0.002 2 1.00E-06 0
0.006 -0.002 2 1.00E-06 0
0.007 -0.002 2 1.00E-06 0
0.008 -0.002 2 1.00E-06 0
0.009 -0.002 2 1.00E-06 0
0.01 -0.002 2 1.00E-06 0
0.011 -0.002 2 1.00E-06 0
0.012 -0.002 2 1.00E-06 0
0.013 -0.002 2 1.00E-06 0
0.014 -0.002 2 1.00E-06 0
0.015 -0.002 2 1.00E-06 0
0.016 -0.002 2 1.00E-06 0
0.017 -0.002 2 1.00E-06 0
0.018 -0.002 2 1.00E-06 0
0.019 -0.002 2 1.00E-06 0
0.02 -0.002 2 1.00E-06 0
0.021 -0.002 2 1.00E-06 0
0.022 -0.002 2 1.00E-06 0
0.023 -0.002 2 1.00E-06 0
0.024 -0.002 2 1.00E-06 0
0.025 -0.002 2 1.00E-06 0
0.026 -0.002 2 1.00E-06 0
0.027 -0.002 2 1.00E-06 0
0.028 -0.002 2 1.00E-06 0
0.029 -0.002 2 1.00E-06 0
0.03 -0.002 2 1.00E-06 0
0.031 -0.002 2 1.00E-06 0
0.032 -0.002 2 1.00E-06 0
0.033 -0.002 2 1.00E-06 0
0.034 -0.002 2 1.00E-06 0
0.035 -0.002 2 1.00E-06 0
0.036 -0.002 2 1.00E-06 0
0.037 -0.002 2 1.00E-06 0
0.038 -0.002 2 1.00E-06 0
0.039 -0.002 2 1.00E-06 0
0.04 -0.002 2 1.00E-06 0
0.041 -0.002 2 1.00E-06 0
0.042 -0.002 2 1.00E-06 0
0.043 -0.002 2 1.00E-06 0
0.044 -0.002 2 1.00E-06 0
0.045 -0.002 2 1.00E-06 0
0.046 -0.002 2 1.00E-06 0
-0.005 -0.001 4 1.00E-06 0
-0.004 -0.001 4 1.00E-06 0
-0.003 -0.001 4 1.00E-06 0
-0.002 -0.001 2 1.00E-06 0
-0.001 -0.001 2 1.00E-06 0
0 -0.001 2 1.00E-06 0
0.001 -0.001 2 1.00E-06 0
0.002 -0.001 2 1.00E-06 0
0.003 -0.001 2 1.00E-06 0
0.004 -0.001 2 1.00E-06 0
0.005 -0.001 2 1.00E-06 0
0.006 -0.001 2 1.00E-06 0
0.007 -0.001 2 1.00E-06 0
0.008 -0.001 2 1.00E-06 0
0.009 -0.001 2 1.00E-06 0
0.01 -0.001 2 1.00E-06 0
0.011 -0.001 2 1.00E-06 0
0.012 -0.001 2 1.00E-06 0
0.013 -0.001 2 1.00E-06 0
0.014 -0.001 2 1.00E-06 0
0.015 -0.001 2 1.00E-06 0
0.016 -0.001 2 1.00E-06 0
0.017 -0.001 2 1.00E-06 0
0.018 -0.001 2 1.00E-06 0
0.019 -0.001 2 1.00E-06 0
0.02 -0.001 2 1.00E-06 0
0.021 -0.001 2 1.00E-06 0
0.022 -0.001 2 1.00E-06 0
0.023 -0.001 2 1.00E-06 0
0.024 -0.001 2 1.00E-06 0
0.025 -0.001 2 1.00E-06 0
0.026 -0.001 2 1.00E-06 0
0.027 -0.001 2 1.00E-06 0
0.028 -0.001 2 1.00E-06 0
0.029 -0.001 2 1.00E-06 0
0.03 -0.001 2 1.00E-06 0
0.031 -0.001 2 1.00E-06 0
0.032 -0.001 2 1.00E-06 0
0.033 -0.001 2 1.00E-06 0
0.034 -0.001 2 1.00E-06 0
0.035 -0.001 2 1.00E-06 0
0.036 -0.001 2 1.00E-06 0
0.037 -0.001 2 1.00E-06 0
0.038 -0.001 2 1.00E-06 0
0.039 -0.001 2 1.00E-06 0
0.04 -0.001 2 1.00E-06 0
0.041 -0.001 2 1.00E-06 0
0.042 -0.001 2 1.00E-06 0
0.043 -0.001 2 1.00E-06 0
0.044 -0.001 2 1.00E-06 0
0.045 -0.001 2 1.00E-06 0
0.046 -0.001 2 1.00E-06 0
-0.005 -8.67E-18 4 1.00E-06 0
-0.004 -8.67E-18 4 1.00E-06 0
-0.003 -8.67E-18 4 1.00E-06 0
-0.002 -8.67E-18 2 1.00E-06 0
-0.001 -8.67E-18 2 1.00E-06 0
0 -8.67E-18 2 1.00E-06 0
0.001 -8.67E-18 2 1.00E-06 0
0.002 -8.67E-18 2 1.00E-06 0
0.003 -8.67E-18 2 1.00E-06 0
0.004 -8.67E-18 2 1.00E-06 0
0.005 -8.67E-18 2 1.00E-06 0
0.006 -8.67E-18 2 1.00E-06 0
0.007 -8.67E-18 2 1.00E-06 0
0.008 -8.67E-18 2 1.00E-06 0
0.009 -8.67E-18 2 1.00E-06 0
0.01 -8.67E-18 2 1.00E-06 0
0.011 -8.67E-18 2 1.00E-06 0
0.012 -8.67E-18 2 1.00E-06 0
0.013 -8.67E-18 2 1.00E-06 0
0.014 -8.67E-18 2 1.00E-06 0
0.015 -8.67E-18 2 1.00E-06 0
0.016 -8.67E-18 2 1.00E-06 0
0.017 -8.67E-18 2 1.00E-06 0
0.018 -8.67E-18 2 1.00E-06 0
0.019 -8.67E-18 2 1.00E-06 0
0.02 -8.67E-18 2 1.00E-06 0
0.021 -8.67E-18 2 1.00E-06 0
0.022 -8.67E-18 2 1.00E-06 0
0.023 -8.67E-18 2 1.00E-06 0
0.024 -8.67E-18 2 1.00E-06 0
0.025 -8.67E-18 2 1.00E-06 0
0.026 -8.67E-18 2 1.00E-06 0
0.027 -8.67E-18 2 1.00E-06 0
0.028 -8.67E-18 2 1.00E-06 0
0.029 -8.67E-18 2 1.00E-06 0
0.03 -8.67E-18 2 1.00E-06 0
0.031 -8.67E-18 2 1.00E-06 0
0.032 -8.67E-18 2 1.00E-06 0
0.033 -8.67E-18 2 1.00E-06 0
0.034 -8.67E-18 2 1.00E-06 0
0.035 -8.67E-18 2 1.00E-06 0
0.036 -8.67E-18 2 1.00E-06 0
0.037 -8.67E-18 2 1.00E-06 0
0.038 -8.67E-18 2 1.00E-06 0
0.039 -8.67E-18 2 1.00E-06 0
0.04 -8.67E-18 2 1.00E-06 0
0.041 -8.67E-18 2 1.00E-06 0
0.042 -8.67E-18 2 1.00E-06 0
0.043 -8.67E-18 2 1.00E-06 0
0.044 -8.67E-18 2 1.00E-06 0
0.045 -8.67E-18 2 1.00E-06 0
0.046 -8.67E-18 2 1.00E-06 0
-0.005 0.001 3 1.00E-06 0
-0.004 0.001 3 1.00E-06 0
-0.003 0.001 3 1.00E-06 0
-0.002 0.001 1 1.00E-06 0
-0.001 0.001 1 1.00E-06 0
0 0.001 1 1.00E-06 0
0.001 0.001 1 1.00E-06 0
0.002 0.001 1 1.00E-06 0
0.003 0.001 1 1.00E-06 0
0.004 0.001 1 1.00E-06 0
0.005 0.001 1 1.00E-06 0
0.006 0.001 1 1.00E-06 0
0.007 0.001 1 1.00E-06 0
0.008 0.001 1 1.00E-06 0
0.009 0.001 1 1.00E-06 0
0.01 0.001 1 1.00E-06 0
0.011 0.001 1 1.00E-06 0
0.012 0.001 1 1.00E-06 0
0.013 0.001 1 1.00E-06 0
0.014 0.001 1 1.00E-06 0
0.015 0.001 1 1.00E-06 0
0.016 0.001 1 1.00E-06 0
0.017 0.001 1 1.00E-06 0
0.018 0.001 1 1.00E-06 0
0.019 0.001 1 1.00E-06 0
0.02 0.001 1 1.00E-06 0
0.021 0.001 1 1.00E-06 0
0.022 0.001 1 1.00E-06 0
0.023 0.001 1 1.00E-06 0
0.024 0.001 1 1.00E-06 0
0.025 0.001 1 1.00E-06 0
0.026 0.001 1 1.00E-06 0
0.027 0.001 1 1.00E-06 0
0.028 0.001 1 1.00E-06 0
0.029 0.001 1 1.00E-06 0
0.03 0.001 1 1.00E-06 0
0.031 0.001 1 1.00E-06 0
0.032 0.001 1 1.00E-06 0
0.033 0.001 1 1.00E-06 0
0.034 0.001 1 1.00E-06 0
0.035 0.001 1 1.00E-06 0
0.036 0.001 1 1.00E-06 0
0.037 0.001 1 1.00E-06 0
0.038 0.001 1 1.00E-06 0
0.039 0.001 1 1.00E-06 0
0.04 0.001 1 1.00E-06 0
0.041 0.001 1 1.00E-06 0
0.042 0.001 1 1.00E-06 0
0.043 0.001 1 1.00E-06 0
0.044 0.001 1 1.00E-06 0
0.045 0.001 1 1.00E-06 0
0.046 0.001 1 1.00E-06 0
-0.005 0.002 3 1.00E-06 0
-0.004 0.002 3 1.00E-06 0
-0.003 0.002 3 1.00E-06 0
-0.002 0.002 1 1.00E-06 0
-0.001 0.002 1 1.00E-06 0
0 0.002 1 1.00E-06 0
0.001 0.002 1 1.00E-06 0
0.002 0.002 1 1.00E-06 0
0.003 0.002 1 1.00E-06 0
0.004 0.002 1 1.00E-06 0
0.005 0.002 1 1.00E-06 0
0.006 0.002 1 1.00E-06 0
0.007 0.002 1 1.00E-06 0
0.008 0.002 1 1.00E-06 0
0.009 0.002 1 1.00E-06 0
0.01 0.002 1 1.00E-06 0
0.011 0.002 1 1.00E-06 0
0.012 0.002 1 1.00E-06 0
0.013 0.002 1 1.00E-06 0
0.014 0.002 1 1.00E-06 0
0.015 0.002 1 1.00E-06 0
0.016 0.002 1 1.00E-06 0
0.017 0.002 1 1.00E-06 0
0.018 0.002 1 1.00E-06 0
0.019 0.002 1 1.00E-06 0
0.02 0.002 1 1.00E-06 0
0.021 0.002 1 1.00E-06 0
0.022 0.002 1 1.00E-06 0
0.023 0.002 1 1.00E-06 0
0.024 0.002 1 1.00E-06 0
0.025 0.002 1 1.00E-06 0
0.026 0.002 1 1.00E-06 0
0.027 0.002 1 1.00E-06 0
0.028 0.002 1 1.00E-06 0
0.029 0.002 1 1.00E-06 0
0.03 0.002 1 1.00E-06 0
0.031 0.002 1 1.00E-06 0
0.032 0.002 1 1.00E-06 0
0.033 0.002 1 1.00E-06 0
0.034 0.002 1 1.00E-06 0
0.035 0.002 1 1.00E-06 0
0.036 0.002 1 1.00E-06 0
0.037 0.002 1 1.00E-06 0
0.038 0.002 1 1.00E-06 0
0.039 0.002 1 1.00E-06 0
0.04 0.002 1 1.00E-06 0
0.041 0.002 1 1.00E-06 0
0.042 0.002 1 1.00E-06 0
0.043 0.002 1 1.00E-06 0
0.044 0.002 1 1.00E-06 0
0.045 0.002 1 1.00E-06 0
0.046 0.002 1 1.00E-06 0
-0.005 0.003 3 1.00E-06 0
-0.004 0.003 3 1.00E-06 0
-0.003 0.003 3 1.00E-06 0
-0.002 0.003 1 1.00E-06 0
-0.001 0.003 1 1.00E-06 0
0 0.003 1 1.00E-06 0
0.001 0.003 1 1.00E-06 0
0.002 0.003 1 1.00E-06 0
0.003 0.003 1 1.00E-06 0
0.004 0.003 1 1.00E-06 0
0.005 0.003 1 1.00E-06 0
0.006 0.003 1 1.00E-06 0
0.007 0.003 1 1.00E-06 0
0.008 0.003 1 1.00E-06 0
0.009 0.003 1 1.00E-06 0
0.01 0.003 1 1.00E-06 0
0.011 0.003 1 1.00E-06 0
0.012 0.003 1 1.00E-06 0
0.013 0.003 1 1.00E-06 0
0.014 0.003 1 1.00E-06 0
0.015 0.003 1 1.00E-06 0
0.016 0.003 1 1.00E-06 0
0.017 0.003 1 1.00E-06 0
0.018 0.003 1 1.00E-06 0
0.019 0.003 1 1.00E-06 0
0.02 0.003 1 1.00E-06 0
0.021 0.003 1 1.00E-06 0
0.022 0.003 1 1.00E-06 0
0.023 0.003 1 1.00E-06 0
0.024 0.003 1 1.00E-06 0
0.025 0.003 1 1.00E-06 0
0.026 0.003 1 1.00E-06 0
0.027 0.003 1 1.00E-06 0
0.028 0.003 1 1.00E-06 0
0.029 0.003 1 1.00E-06 0
0.03 0.003 1 1.00E-06 0
0.031 0.003 1 1.00E-06 0
0.032 0.003 1 1.00E-06 0
0.033 0.003 1 1.00E-06 0
0.034 0.003 1 1.00E-06 0
0.035 0.003 1 1.00E-06 0
0.036 0.003 1 1.00E-06 0
0.037 0.003 1 1.00E-06 0
0.038 0.003 1 1.00E-06 0
0.039 0.003 1 1.00E-06 0
0.04 0.003 1 1.00E-06 0
0.041 0.003 1 1.00E-06 0
0.042 0.003 1 1.00E-06 0
0.043 0.003 1 1.00E-06 0
0.044 0.003 1 1.00E-06 0
0.045 0.003 1 1.00E-06 0
0.046 0.003 1 1.00E-06 0
-0.005 0.004 3 1.00E-06 0
-0.004 0.004 3 1.00E-06 0
-0.003 0.004 3 1.00E-06 0
-0.002 0.004 1 1.00E-06 0
-0.001 0.004 1 1.00E-06 0
0 0.004 1 1.00E-06 0
0.001 0.004 1 1.00E-06 0
0.002 0.004 1 1.00E-06 0
0.003 0.004 1 1.00E-06 0
0.004 0.004 1 1.00E-06 0
0.005 0.004 1 1.00E-06 0
0.006 0.004 1 1.00E-06 0
0.007 0.004 1 1.00E-06 0
0.008 0.004 1 1.00E-06 0
0.009 0.004 1 1.00E-06 0
0.01 0.004 1 1.00E-06 0
0.011 0.004 1 1.00E-06 0
0.012 0.004 1 1.00E-06 0
0.013 0.004 1 1.00E-06 0
0.014 0.004 1 1.00E-06 0
0.015 0.004 1 1.00E-06 0
0.016 0.004 1 1.00E-06 0
0.017 0.004 1 1.00E-06 0
0.018 0.004 1 1.00E-06 0
0.019 0.004 1 1.00E-06 0
0.02 0.004 1 1.00E-06 0
0.021 0.004 1 1.00E-06 0
0.022 0.004 1 1.00E-06 0
0.023 0.004 1 1.00E-06 0
0.024 0.004 1 1.00E-06 0
0.025 0.004 1 1.00E-06 0
0.026 0.004 1 1.00E-06 0
0.027 0.004 1 1.00E-06 0
0.028 0.004 1 1.00E-06 0
0.029 0.004 1 1.00E-06 0
0.03 0.004 1 1.00E-06 0
0.031 0.004 1 1.00E-06 0
0.032 0.004 1 1.00E-06 0
0.033 0.004 1 1.00E-06 0
0.034 0.004 1 1.00E-06 0
0.035 0.004 1 1.00E-06 0
0.036 0.004 1 1.00E-06 0
0.037 0.004 1 1.00E-06 0
0.038 0.004 1 1.00E-06 0
0.039 0.004 1 1.00E-06 0
0.04 0.004 1 1.00E-06 0
0.041 0.004 1 1.00E-06 0
0.042 0.004 1 1.00E-06 0
0.043 0.004 1 1.00E-06 0
0.044 0.004 1 1.00E-06 0
0.045 0.004 1 1.00E-06 0
0.046 0.004 1 1.00E-06 0
-0.005 0.005 3 1.00E-06 0
-0.004 0.005 3 1.00E-06 0
-0.003 0.005 3 1.00E-06 0
-0.002 0.005 1 1.00E-06 0
-0.001 0.005 1 1.00E-06 0
0 0.005 1 1.00E-06 0
0.001 0.005 1 1.00E-06 0
0.002 0.005 1 1.00E-06 0
0.003 0.005 1 1.00E-06 0
0.004 0.005 1 1.00E-06 0
0.005 0.005 1 1.00E-06 0
0.006 0.005 1 1.00E-06 0
0.007 0.005 1 1.00E-06 0
0.008 0.005 1 1.00E-06 0
0.009 0.005 1 1.00E-06 0
0.01 0.005 1 1.00E-06 0
0.011 0.005 1 1.00E-06 0
0.012 0.005 1 1.00E-06 0
0.013 0.005 1 1.00E-06 0
0.014 0.005 1 1.00E-06 0
0.015 0.005 1 1.00E-06 0
0.016 0.005 1 1.00E-06 0
0.017 0.005 1 1.00E-06 0
0.018 0.005 1 1.00E-06 0
0.019 0.005 1 1.00E-06 0
0.02 0.005 1 1.00E-06 0
0.021 0.005 1 1.00E-06 0
0.022 0.005 1 1.00E-06 0
0.023 0.005 1 1.00E-06 0
0.024 0.005 1 1.00E-06 0
0.025 0.005 1 1.00E-06 0
0.026 0.005 1 1.00E-06 0
0.027 0.005 1 1.00E-06 0
0.028 0.005 1 1.00E-06 0
0.029 0.005 1 1.00E-06 0
0.03 0.005 1 1.00E-06 0
0.031 0.005 1 1.00E-06 0
0.032 0.005 1 1.00E-06 0
0.033 0.005 1 1.00E-06 0
0.034 0.005 1 1.00E-06 0
0.035 0.005 1 1.00E-06 0
0.036 0.005 1 1.00E-06 0
0.037 0.005 1 1.00E-06 0
0.038 0.005 1 1.00E-06 0
0.039 0.005 1 1.00E-06 0
0.04 0.005 1 1.00E-06 0
0.041 0.005 1 1.00E-06 0
0.042 0.005 1 1.00E-06 0
0.043 0.005 1 1.00E-06 0
0.044 0.005 1 1.00E-06 0
0.045 0.005 1 1.00E-06 0
0.046 0.005 1 1.00E-06 0
-0.005 0.006 3 1.00E-06 0
-0.004 0.006 3 1.00E-06 0
-0.003 0.006 3 1.00E-06 0
-0.002 0.006 1 1.00E-06 0
-0.001 0.006 1 1.00E-06 0
0 0.006 1 1.00E-06 0
0.001 0.006 1 1.00E-06 0
0.002 0.006 1 1.00E-06 0
0.003 0.006 1 1.00E-06 0
0.004 0.006 1 1.00E-06 0
0.005 0.006 1 1.00E-06 0
0.006 0.006 1 1.00E-06 0
0.007 0.006 1 1.00E-06 0
0.008 0.006 1 1.00E-06 0
0.009 0.006 1 1.00E-06 0
0.01 0.006 1 1.00E-06 0
0.011 0.006 1 1.00E-06 0
0.012 0.006 1 1.00E-06 0
0.013 0.006 1 1.00E-06 0
0.014 0.006 1 1.00E-06 0
0.015 0.006 1 1.00E-06 0
0.016 0.006 1 1.00E-06 0
0.017 0.006 1 1.00E-06 0
0.018 0.006 1 1.00E-06 0
0.019 0.006 1 1.00E-06 0
0.02 0.006 1 1.00E-06 0
0.021 0.006 1 1.00E-06 0
0.022 0.006 1 1.00E-06 0
0.023 0.006 1 1.00E-06 0
0.024 0.006 1 1.00E-06 0
0.025 0.006 1 1.00E-06 0
0.026 0.006 1 1.00E-06 0
0.027 0.006 1 1.00E-06 0
0.028 0.006 1 1.00E-06 0
0.029 0.006 1 1.00E-06 0
0.03 0.006 1 1.00E-06 0
0.031 0.006 1 1.00E-06 0
0.032 0.006 1 1.00E-06 0
0.033 0.006 1 1.00E-06 0
0.034 0.006 1 1.00E-06 0
0.035 0.006 1 1.00E-06 0
0.036 0.006 1 1.00E-06 0
0.037 0.006 1 1.00E-06 0
0.038 0.006 1 1.00E-06 0
0.039 0.006 1 1.00E-06 0
0.04 0.006 1 1.00E-06 0
0.041 0.006 1 1.00E-06 0
0.042 0.006 1 1.00E-06 0
0.043 0.006 1 1.00E-06 0
0.044 0.006 1 1.00E-06 0
0.045 0.006 1 1.00E-06 0
0.046 0.006 1 1.00E-06 0
-0.005 0.007 3 1.00E-06 0
-0.004 0.007 3 1.00E-06 0
-0.003 0.007 3 1.00E-06 0
-0.002 0.007 1 1.00E-06 0
-0.001 0.007 1 1.00E-06 0
0 0.007 1 1.00E-06 0
0.001 0.007 1 1.00E-06 0
0.002 0.007 1 1.00E-06 0
0.003 0.007 1 1.00E-06 0
0.004 0.007 1 1.00E-06 0
0.005 0.007 1 1.00E-06 0
0.006 0.007 1 1.00E-06 0
0.007 0.007 1 1.00E-06 0
0.008 0.007 1 1.00E-06 0
0.009 0.007 1 1.00E-06 0
0.01 0.007 1 1.00E-06 0
0.011 0.007 1 1.00E-06 0
0.012 0.007 1 1.00E-06 0
0.013 0.007 1 1.00E-06 0
0.014 0.007 1 1.00E-06 0
0.015 0.007 1 1.00E-06 0
0.016 0.007 1 1.00E-06 0
0.017 0.007 1 1.00E-06 0
0.018 0.007 1 1.00E-06 0
0.019 0.007 1 1.00E-06 0
0.02 0.007 1 1.00E-06 0
0.021 0.007 1 1.00E-06 0
0.022 0.007 1 1.00E-06 0
0.023 0.007 1 1.00E-06 0
0.024 0.007 1 1.00E-06 0
0.025 0.007 1 1.00E-06 0
0.026 0.007 1 1.00E-06 0
0.027 0.007 1 1.00E-06 0
0.028 0.007 1 1.00E-06 0
0.029 0.007 1 1.00E-06 0
0.03 0.007 1 1.00E-06 0
0.031 0.007 1 1.00E-06 0
0.032 0.007 1 1.00E-06 0
0.033 0.007 1 1.00E-06 0
0.034 0.007 1 1.00E-06 0
0.035 0.007 1 1.00E-06 0
0.036 0.007 1 1.00E-06 0
0.037 0.007 1 1.00E-06 0
0.038 0.007 1 1.00E-06 0
0.039 0.007 1 1.00E-06 0
0.04 0.007 1 1.00E-06 0
0.041 0.007 1 1.00E-06 0
0.042 0.007 1 1.00E-06 0
0.043 0.007 1 1.00E-06 0
0.044 0.007 1 1.00E-06 0
0.045 0.007 1 1.00E-06 0
0.046 0.007 1 1.00E-06 0
-0.005 0.008 3 1.00E-06 0
-0.004 0.008 3 1.00E-06 0
-0.003 0.008 3 1.00E-06 0
-0.002 0.008 1 1.00E-06 0
-0.001 0.008 1 1.00E-06 0
0 0.008 1 1.00E-06 0
0.001 0.008 1 1.00E-06 0
0.002 0.008 1 1.00E-06 0
0.003 0.008 1 1.00E-06 0
0.004 0.008 1 1.00E-06 0
0.005 0.008 1 1.00E-06 0
0.006 0.008 1 1.00E-06 0
0.007 0.008 1 1.00E-06 0
0.008 0.008 1 1.00E-06 0
0.009 0.008 1 1.00E-06 0
0.01 0.008 1 1.00E-06 0
0.011 0.008 1 1.00E-06 0
0.012 0.008 1 1.00E-06 0
0.013 0.008 1 1.00E-06 0
0.014 0.008 1 1.00E-06 0
0.015 0.008 1 1.00E-06 0
0.016 0.008 1 1.00E-06 0
0.017 0.008 1 1.00E-06 0
0.018 0.008 1 1.00E-06 0
0.019 0.008 1 1.00E-06 0
0.02 0.008 1 1.00E-06 0
0.021 0.008 1 1.00E-06 0
0.022 0.008 1 1.00E-06 0
0.023 0.008 1 1.00E-06 0
0.024 0.008 1 1.00E-06 0
0.025 0.008 1 1.00E-06 0
0.026 0.008 1 1.00E-06 0
0.027 0.008 1 1.00E-06 0
0.028 0.008 1 1.00E-06 0
0.029 0.008 1 1.00E-06 0
0.03 0.008 1 1.00E-06 0
0.031 0.008 1 1.00E-06 0
0.032 0.008 1 1.00E-06 0
0.033 0.008 1 1.00E-06 0
0.034 0.008 1 1.00E-06 0
0.035 0.008 1 1.00E-06 0
0.036 0.008 1 1.00E-06 0
0.037 0.008 1 1.00E-06 0
0.038 0.008 1 1.00E-06 0
0.039 0.008 1 1.00E-06 0
0.04 0.008 1 1.00E-06 0
0.041 0.008 1 1.00E-06 0
0.042 0.008 1 1.00E-06 0
0.043 0.008 1 1.00E-06 0
0.044 0.008 1 1.00E-06 0
0.045 0.008 1 1.00E-06 0
0.046 0.008 1 1.00E-06 0
-0.005 0.009 3 1.00E-06 0
-0.004 0.009 3 1.00E-06 0
-0.003 0.009 3 1.00E-06 0
-0.002 0.009 1 1.00E-06 0
-0.001 0.009 1 1.00E-06 0
0 0.009 1 1.00E-06 0
0.001 0.009 1 1.00E-06 0
0.002 0.009 1 1.00E-06 0
0.003 0.009 1 1.00E-06 0
0.004 0.009 1 1.00E-06 0
0.005 0.009 1 1.00E-06 0
0.006 0.009 1 1.00E-06 0
0.007 0.009 1 1.00E-06 0
0.008 0.009 1 1.00E-06 0
0.009 0.009 1 1.00E-06 0
0.01 0.009 1 1.00E-06 0
0.011 0.009 1 1.00E-06 0
0.012 0.009 1 1.00E-06 0
0.013 0.009 1 1.00E-06 0
0.014 0.009 1 1.00E-06 0
0.015 0.009 1 1.00E-06 0
0.016 0.009 1 1.00E-06 0
0.017 0.009 1 1.00E-06 0
0.018 0.009 1 1.00E-06 0
0.019 0.009 1 1.00E-06 0
0.02 0.009 1 1.00E-06 0
0.021 0.009 1 1.00E-06 0
0.022 0.009 1 1.00E-06 0
0.023 0.009 1 1.00E-06 0
0.024 0.009 1 1.00E-06 0
0.025 0.009 1 1.00E-06 0
0.026 0.009 1 1.00E-06 0
0.027 0.009 1 1.00E-06 0
0.028 0.009 1 1.00E-06 0
0.029 0.009 1 1.00E-06 0
0.03 0.009 1 1.00E-06 0
0.031 0.009 1 1.00E-06 0
0.032 0.009 1 1.00E-06 0
0.033 0.009 1 1.00E-06 0
0.034 0.009 1 1.00E-06 0
0.035 0.009 1 1.00E-06 0
0.036 0.009 1 1.00E-06 0
0.037 0.009 1 1.00E-06 0
0.038 0.009 1 1.00E-06 0
0.039 0.009 1 1.00E-06 0
0.04 0.009 1 1.00E-06 0
0.041 0.009 1 1.00E-06 0
0.042 0.009 1 1.00E-06 0
0.043 0.009 1 1.00E-06 0
0.044 0.009 1 1.00E-06 0
0.045 0.009 1 1.00E-06 0
0.046 0.009 1 1.00E-06 0
-0.005 0.01 3 1.00E-06 0
-0.004 0.01 3 1.00E-06 0
-0.003 0.01 3 1.00E-06 0
-0.002 0.01 1 1.00E-06 0
-0.001 0.01 1 1.00E-06 0
0 0.01 1 1.00E-06 0
0.001 0.01 1 1.00E-06 0
0.002 0.01 1 1.00E-06 0
0.003 0.01 1 1.00E-06 0
0.004 0.01 1 1.00E-06 0
0.005 0.01 1 1.00E-06 0
0.006 0.01 1 1.00E-06 0
0.007 0.01 1 1.00E-06 0
0.008 0.01 1 1.00E-06 0
0.009 0.01 1 1.00E-06 0
0.01 0.01 1 1.00E-06 0
0.011 0.01 1 1.00E-06 0
0.012 0.01 1 1.00E-06 0
0.013 0.01 1 1.00E-06 0
0.014 0.01 1 1.00E-06 0
0.015 0.01 1 1.00E-06 0
0.016 0.01 1 1.00E-06 0
0.017 0.01 1 1.00E-06 0
0.018 0.01 1 1.00E-06 0
0.019 0.01 1 1.00E-06 0
0.02 0.01 1 1.00E-06 0
0.021 0.01 1 1.00E-06 0
0.022 0.01 1 1.00E-06 0
0.023 0.01 1 1.00E-06 0
0.024 0.01 1 1.00E-06 0
0.025 0.01 1 1.00E-06 0
0.026 0.01 1 1.00E-06 0
0.027 0.01 1 1.00E-06 0
0.028 0.01 1 1.00E-06 0
0.029 0.01 1 1.00E-06 0
0.03 0.01 1 1.00E-06 0
0.031 0.01 1 1.00E-06 0
0.032 0.01 1 1.00E-06 0
0.033 0.01 1 1.00E-06 0
0.034 0.01 1 1.00E-06 0
0.035 0.01 1 1.00E-06 0
0.036 0.01 1 1.00E-06 0
0.037 0.01 1 1.00E-06 0
0.038 0.01 1 1.00E-06 0
0.039 0.01 1 1.00E-06 0
0.04 0.01 1 1.00E-06 0
0.041 0.01 1 1.00E-06 0
0.042 0.01 1 1.00E-06 0
0.043 0.01 1 1.00E-06 0
0.044 0.01 1 1.00E-06 0
0.045 0.01 1 1.00E-06 0
0.046 0.01 1 1.00E-06 0
-0.005 0.011 3 1.00E-06 0
-0.004 0.011 3 1.00E-06 0
-0.003 0.011 3 1.00E-06 0
-0.002 0.011 1 1.00E-06 0
-0.001 0.011 1 1.00E-06 0
0 0.011 1 1.00E-06 0
0.001 0.011 1 1.00E-06 0
0.002 0.011 1 1.00E-06 0
0.003 0.011 1 1.00E-06 0
0.004 0.011 1 1.00E-06 0
0.005 0.011 1 1.00E-06 0
0.006 0.011 1 1.00E-06 0
0.007 0.011 1 1.00E-06 0
0.008 0.011 1 1.00E-06 0
0.009 0.011 1 1.00E-06 0
0.01 0.011 1 1.00E-06 0
0.011 0.011 1 1.00E-06 0
0.012 0.011 1 1.00E-06 0
0.013 0.011 1 1.00E-06 0
0.014 0.011 1 1.00E-06 0
0.015 0.011 1 1.00E-06 0
0.016 0.011 1 1.00E-06 0
0.017 0.011 1 1.00E-06 0
0.018 0.011 1 1.00E-06 0
0.019 0.011 1 1.00E-06 0
0.02 0.011 1 1.00E-06 0
0.021 0.011 1 1.00E-06 0
0.022 0.011 1 1.00E-06 0
0.023 0.011 1 1.00E-06 0
0.024 0.011 1 1.00E-06 0
0.025 0.011 1 1.00E-06 0
0.026 0.011 1 1.00E-06 0
0.027 0.011 1 1.00E-06 0
0.028 0.011 1 1.00E-06 0
0.029 0.011 1 1.00E-06 0
0.03 0.011 1 1.00E-06 0
0.031 0.011 1 1.00E-06 0
0.032 0.011 1 1.00E-06 0
0.033 0.011 1 1.00E-06 0
0.034 0.011 1 1.00E-06 0
0.035 0.011 1 1.00E-06 0
0.036 0.011 1 1.00E-06 0
0.037 0.011 1 1.00E-06 0
0.038 0.011 1 1.00E-06 0
0.039 0.011 1 1.00E-06 0
0.04 0.011 1 1.00E-06 0
0.041 0.011 1 1.00E-06 0
0.042 0.011 1 1.00E-06 0
0.043 0.011 1 1.00E-06 0
0.044 0.011 1 1.00E-06 0
0.045 0.011 1 1.00E-06 0
0.046 0.011 1 1.00E-06 0

