# SPDX-FileCopyrightText: 2023 Christian Willberg <christian.willberg@dlr.de>, Jan-Timo Hesse <jan-timo.hesse@dlr.de>
#
# SPDX-License-Identifier: BSD-3-Clause

header: global_id
837
838
839
875
876
877
913
914
915
951
952
953
989
990
991
1027
1028
1029
1065
1066
1067
1103
1104
1105
1141
1142
1143
1179
1180
1181
1217
1218
1219
1255
1256
1257
1293
1294
1295
1331
1332
1333
1369
1370
1371
1407
1408
1409
1445
1446
1447
1483
1484
1485
1521
1522
1523
1559
1560
1561
1597
1598
1599
1635
1636
1637
1673
1674
1675
