# SPDX-FileCopyrightText: 2023 Christian Willberg <christian.willberg@dlr.de>, Jan-Timo Hesse <jan-timo.hesse@dlr.de>
#
# SPDX-License-Identifier: BSD-3-Clause

header:
1 3 30 31
3 4 31 35
4 5 35 39
5 6 39 43
6 7 43 47
7 8 47 51
8 9 51 55
9 10 55 59
10 11 59 63
11 2 63 13
30 31 29 32
31 35 32 36
35 39 36 40
39 43 40 44
43 47 44 48
47 51 48 52
51 55 52 56
55 59 56 60
59 63 60 64
63 13 64 14
29 32 28 33
32 36 33 37
36 40 37 41
40 44 41 45
44 48 45 49
48 52 49 53
52 56 53 57
56 60 57 61
60 64 61 65
64 14 65 15
28 33 27 34
33 37 34 38
37 41 38 42
41 45 42 46
45 49 46 50
49 53 50 54
53 57 54 58
57 61 58 62
61 65 62 66
65 15 66 16
27 34 17 26
34 38 26 25
38 42 25 24
42 46 24 23
46 50 23 22
50 54 22 21
54 58 21 20
58 62 20 19
62 66 19 18
66 16 18 12
