# SPDX-FileCopyrightText: 2023 Christian Willberg <christian.willberg@dlr.de>, Jan-Timo Hesse <jan-timo.hesse@dlr.de>
#
# SPDX-License-Identifier: BSD-3-Clause

header: x y block_id volume
0.00 0.00 1 0.01
1.00 0.00 1 0.01
0.10 0.00 1 0.01
0.20 0.00 1 0.01
0.30 0.00 1 0.01
0.40 0.00 1 0.01
0.50 0.00 1 0.01
0.60 0.00 1 0.01
0.70 0.00 1 0.01
0.80 0.00 1 0.01
0.90 0.00 1 0.01
1.00 0.50 1 0.01
1.00 0.10 1 0.01
1.00 0.20 1 0.01
1.00 0.30 1 0.01
1.00 0.40 1 0.01
0.00 0.50 1 0.01
0.90 0.50 1 0.01
0.80 0.50 1 0.01
0.70 0.50 1 0.01
0.60 0.50 1 0.01
0.50 0.50 1 0.01
0.40 0.50 1 0.01
0.30 0.50 1 0.01
0.20 0.50 1 0.01
0.10 0.50 1 0.01
0.00 0.40 1 0.01
0.00 0.30 1 0.01
0.00 0.20 1 0.01
0.00 0.10 1 0.01
0.10 0.10 1 0.01
0.10 0.20 1 0.01
0.10 0.30 1 0.01
0.10 0.40 1 0.01
0.20 0.10 1 0.01
0.20 0.20 1 0.01
0.20 0.30 1 0.01
0.20 0.40 1 0.01
0.30 0.10 1 0.01
0.30 0.20 1 0.01
0.30 0.30 1 0.01
0.30 0.40 1 0.01
0.40 0.10 1 0.01
0.40 0.20 1 0.01
0.40 0.30 1 0.01
0.40 0.40 1 0.01
0.50 0.10 1 0.01
0.50 0.20 1 0.01
0.50 0.30 1 0.01
0.50 0.40 1 0.01
0.60 0.10 1 0.01
0.60 0.20 1 0.01
0.60 0.30 1 0.01
0.60 0.40 1 0.01
0.70 0.10 1 0.01
0.70 0.20 1 0.01
0.70 0.30 1 0.01
0.70 0.40 1 0.01
0.80 0.10 1 0.01
0.80 0.20 1 0.01
0.80 0.30 1 0.01
0.80 0.40 1 0.01
0.90 0.10 1 0.01
0.90 0.20 1 0.01
0.90 0.30 1 0.01
0.90 0.40 1 0.01
