# SPDX-FileCopyrightText: 2023 Christian Willberg <christian.willberg@dlr.de>, Jan-Timo Hesse <jan-timo.hesse@dlr.de>
#
# SPDX-License-Identifier: BSD-3-Clause

header: x y block_id volume number
0.0 -1.0 1 0.04000000000000001 0
0.2 -1.0 1 0.04000000000000001 1
0.4 -1.0 1 0.04000000000000001 2
0.6000000000000001 -1.0 1 0.04000000000000001 3
0.8 -1.0 1 0.04000000000000001 4
1.0 -1.0 1 0.04000000000000001 5
0.0 -0.8 1 0.04000000000000001 0
0.2 -0.8 1 0.04000000000000001 1
0.4 -0.8 1 0.04000000000000001 2
0.6000000000000001 -0.8 1 0.04000000000000001 3
0.8 -0.8 1 0.04000000000000001 4
1.0 -0.8 1 0.04000000000000001 5
0.0 -0.6 1 0.04000000000000001 0
0.2 -0.6 1 0.04000000000000001 1
0.4 -0.6 1 0.04000000000000001 2
0.6000000000000001 -0.6 1 0.04000000000000001 3
0.8 -0.6 1 0.04000000000000001 4
1.0 -0.6 1 0.04000000000000001 5
0.0 -0.3999999999999999 1 0.04000000000000001 0
0.2 -0.3999999999999999 1 0.04000000000000001 1
0.4 -0.3999999999999999 1 0.04000000000000001 2
0.6000000000000001 -0.3999999999999999 1 0.04000000000000001 3
0.8 -0.3999999999999999 1 0.04000000000000001 4
1.0 -0.3999999999999999 1 0.04000000000000001 5
0.0 -0.19999999999999996 1 0.04000000000000001 0
0.2 -0.19999999999999996 1 0.04000000000000001 1
0.4 -0.19999999999999996 1 0.04000000000000001 2
0.6000000000000001 -0.19999999999999996 1 0.04000000000000001 3
0.8 -0.19999999999999996 1 0.04000000000000001 4
1.0 -0.19999999999999996 1 0.04000000000000001 5
0.0 0.0 1 0.04000000000000001 0
0.2 0.0 1 0.04000000000000001 1
0.4 0.0 1 0.04000000000000001 2
0.6000000000000001 0.0 1 0.04000000000000001 3
0.8 0.0 1 0.04000000000000001 4
1.0 0.0 1 0.04000000000000001 5
0.0 0.20000000000000018 1 0.04000000000000001 0
0.2 0.20000000000000018 1 0.04000000000000001 1
0.4 0.20000000000000018 1 0.04000000000000001 2
0.6000000000000001 0.20000000000000018 1 0.04000000000000001 3
0.8 0.20000000000000018 1 0.04000000000000001 4
1.0 0.20000000000000018 1 0.04000000000000001 5
0.0 0.40000000000000013 1 0.04000000000000001 0
0.2 0.40000000000000013 1 0.04000000000000001 1
0.4 0.40000000000000013 1 0.04000000000000001 2
0.6000000000000001 0.40000000000000013 1 0.04000000000000001 3
0.8 0.40000000000000013 1 0.04000000000000001 4
1.0 0.40000000000000013 1 0.04000000000000001 5
0.0 0.6000000000000001 1 0.04000000000000001 0
0.2 0.6000000000000001 1 0.04000000000000001 1
0.4 0.6000000000000001 1 0.04000000000000001 2
0.6000000000000001 0.6000000000000001 1 0.04000000000000001 3
0.8 0.6000000000000001 1 0.04000000000000001 4
1.0 0.6000000000000001 1 0.04000000000000001 5
0.0 0.8 1 0.04000000000000001 0
0.2 0.8 1 0.04000000000000001 1
0.4 0.8 1 0.04000000000000001 2
0.6000000000000001 0.8 1 0.04000000000000001 3
0.8 0.8 1 0.04000000000000001 4
1.0 0.8 1 0.04000000000000001 5
0.0 1.0 1 0.04000000000000001 0
0.2 1.0 1 0.04000000000000001 1
0.4 1.0 1 0.04000000000000001 2
0.6000000000000001 1.0 1 0.04000000000000001 3
0.8 1.0 1 0.04000000000000001 4
1.0 1.0 1 0.04000000000000001 5
0.0 1.2000000000000002 1 0.04000000000000001 0
0.2 1.2000000000000002 1 0.04000000000000001 1
0.4 1.2000000000000002 1 0.04000000000000001 2
0.6000000000000001 1.2000000000000002 1 0.04000000000000001 3
0.8 1.2000000000000002 1 0.04000000000000001 4
1.0 1.2000000000000002 1 0.04000000000000001 5
0.0 1.4000000000000004 1 0.04000000000000001 0
0.2 1.4000000000000004 1 0.04000000000000001 1
0.4 1.4000000000000004 1 0.04000000000000001 2
0.6000000000000001 1.4000000000000004 1 0.04000000000000001 3
0.8 1.4000000000000004 1 0.04000000000000001 4
1.0 1.4000000000000004 1 0.04000000000000001 5
0.0 1.6 1 0.04000000000000001 0
0.2 1.6 1 0.04000000000000001 1
0.4 1.6 1 0.04000000000000001 2
0.6000000000000001 1.6 1 0.04000000000000001 3
0.8 1.6 1 0.04000000000000001 4
1.0 1.6 1 0.04000000000000001 5
0.0 1.8000000000000003 1 0.04000000000000001 0
0.2 1.8000000000000003 1 0.04000000000000001 1
0.4 1.8000000000000003 1 0.04000000000000001 2
0.6000000000000001 1.8000000000000003 1 0.04000000000000001 3
0.8 1.8000000000000003 1 0.04000000000000001 4
1.0 1.8000000000000003 1 0.04000000000000001 5
0.0 2.0 1 0.04000000000000001 0
0.2 2.0 1 0.04000000000000001 1
0.4 2.0 1 0.04000000000000001 2
0.6000000000000001 2.0 1 0.04000000000000001 3
0.8 2.0 1 0.04000000000000001 4
1.0 2.0 1 0.04000000000000001 5
0.0 2.2 1 0.04000000000000001 0
0.2 2.2 1 0.04000000000000001 1
0.4 2.2 1 0.04000000000000001 2
0.6000000000000001 2.2 1 0.04000000000000001 3
0.8 2.2 1 0.04000000000000001 4
1.0 2.2 1 0.04000000000000001 5
0.0 2.4000000000000004 1 0.04000000000000001 0
0.2 2.4000000000000004 1 0.04000000000000001 1
0.4 2.4000000000000004 1 0.04000000000000001 2
0.6000000000000001 2.4000000000000004 1 0.04000000000000001 3
0.8 2.4000000000000004 1 0.04000000000000001 4
1.0 2.4000000000000004 1 0.04000000000000001 5
0.0 2.6 1 0.04000000000000001 0
0.2 2.6 1 0.04000000000000001 1
0.4 2.6 1 0.04000000000000001 2
0.6000000000000001 2.6 1 0.04000000000000001 3
0.8 2.6 1 0.04000000000000001 4
1.0 2.6 1 0.04000000000000001 5
0.0 2.8000000000000003 1 0.04000000000000001 0
0.2 2.8000000000000003 1 0.04000000000000001 1
0.4 2.8000000000000003 1 0.04000000000000001 2
0.6000000000000001 2.8000000000000003 1 0.04000000000000001 3
0.8 2.8000000000000003 1 0.04000000000000001 4
1.0 2.8000000000000003 1 0.04000000000000001 5
0.0 3.0 1 0.04000000000000001 0
0.2 3.0 1 0.04000000000000001 1
0.4 3.0 1 0.04000000000000001 2
0.6000000000000001 3.0 1 0.04000000000000001 3
0.8 3.0 1 0.04000000000000001 4
1.0 3.0 1 0.04000000000000001 5
