# SPDX-FileCopyrightText: 2023 Christian Willberg <christian.willberg@dlr.de>, Jan-Timo Hesse <jan-timo.hesse@dlr.de>
#
# SPDX-License-Identifier: BSD-3-Clause

header: x y block_id volume
0.0 0.0 1 2.5e-7
0.0005 0.0 1 2.5e-7
0.001 0.0 1 2.5e-7
0.0015 0.0 1 2.5e-7
0.002 0.0 1 2.5e-7
0.0025 0.0 1 2.5e-7
0.003 0.0 1 2.5e-7
0.0035 0.0 1 2.5e-7
0.004 0.0 1 2.5e-7
0.0045 0.0 1 2.5e-7
0.005 0.0 1 2.5e-7
0.0055 0.0 1 2.5e-7
0.006 0.0 1 2.5e-7
0.0065 0.0 1 2.5e-7
0.007 0.0 1 2.5e-7
0.0075 0.0 1 2.5e-7
0.008 0.0 1 2.5e-7
0.0085 0.0 1 2.5e-7
0.009 0.0 1 2.5e-7
0.0095 0.0 1 2.5e-7
0.01 0.0 1 2.5e-7
0.0105 0.0 1 2.5e-7
0.011 0.0 1 2.5e-7
0.0115 0.0 1 2.5e-7
0.012 0.0 1 2.5e-7
0.0125 0.0 1 2.5e-7
0.013 0.0 1 2.5e-7
0.0135 0.0 1 2.5e-7
0.014 0.0 1 2.5e-7
0.0145 0.0 1 2.5e-7
0.015 0.0 1 2.5e-7
0.0155 0.0 1 2.5e-7
0.016 0.0 1 2.5e-7
0.0165 0.0 1 2.5e-7
0.017 0.0 1 2.5e-7
0.0175 0.0 1 2.5e-7
0.018 0.0 1 2.5e-7
0.0185 0.0 1 2.5e-7
0.019 0.0 1 2.5e-7
0.0195 0.0 1 2.5e-7
0.02 0.0 1 2.5e-7
0.0 0.0005 1 2.5e-7
0.0005 0.0005 1 2.5e-7
0.001 0.0005 1 2.5e-7
0.0015 0.0005 1 2.5e-7
0.002 0.0005 1 2.5e-7
0.0025 0.0005 1 2.5e-7
0.003 0.0005 1 2.5e-7
0.0035 0.0005 1 2.5e-7
0.004 0.0005 1 2.5e-7
0.0045 0.0005 1 2.5e-7
0.005 0.0005 1 2.5e-7
0.0055 0.0005 1 2.5e-7
0.006 0.0005 1 2.5e-7
0.0065 0.0005 1 2.5e-7
0.007 0.0005 1 2.5e-7
0.0075 0.0005 1 2.5e-7
0.008 0.0005 1 2.5e-7
0.0085 0.0005 1 2.5e-7
0.009 0.0005 1 2.5e-7
0.0095 0.0005 1 2.5e-7
0.01 0.0005 1 2.5e-7
0.0105 0.0005 1 2.5e-7
0.011 0.0005 1 2.5e-7
0.0115 0.0005 1 2.5e-7
0.012 0.0005 1 2.5e-7
0.0125 0.0005 1 2.5e-7
0.013 0.0005 1 2.5e-7
0.0135 0.0005 1 2.5e-7
0.014 0.0005 1 2.5e-7
0.0145 0.0005 1 2.5e-7
0.015 0.0005 1 2.5e-7
0.0155 0.0005 1 2.5e-7
0.016 0.0005 1 2.5e-7
0.0165 0.0005 1 2.5e-7
0.017 0.0005 1 2.5e-7
0.0175 0.0005 1 2.5e-7
0.018 0.0005 1 2.5e-7
0.0185 0.0005 1 2.5e-7
0.019 0.0005 1 2.5e-7
0.0195 0.0005 1 2.5e-7
0.02 0.0005 1 2.5e-7
0.0 0.001 1 2.5e-7
0.0005 0.001 1 2.5e-7
0.001 0.001 1 2.5e-7
0.0015 0.001 1 2.5e-7
0.002 0.001 1 2.5e-7
0.0025 0.001 1 2.5e-7
0.003 0.001 1 2.5e-7
0.0035 0.001 1 2.5e-7
0.004 0.001 1 2.5e-7
0.0045 0.001 1 2.5e-7
0.005 0.001 1 2.5e-7
0.0055 0.001 1 2.5e-7
0.006 0.001 1 2.5e-7
0.0065 0.001 1 2.5e-7
0.007 0.001 1 2.5e-7
0.0075 0.001 1 2.5e-7
0.008 0.001 1 2.5e-7
0.0085 0.001 1 2.5e-7
0.009 0.001 1 2.5e-7
0.0095 0.001 1 2.5e-7
0.01 0.001 1 2.5e-7
0.0105 0.001 1 2.5e-7
0.011 0.001 1 2.5e-7
0.0115 0.001 1 2.5e-7
0.012 0.001 1 2.5e-7
0.0125 0.001 1 2.5e-7
0.013 0.001 1 2.5e-7
0.0135 0.001 1 2.5e-7
0.014 0.001 1 2.5e-7
0.0145 0.001 1 2.5e-7
0.015 0.001 1 2.5e-7
0.0155 0.001 1 2.5e-7
0.016 0.001 1 2.5e-7
0.0165 0.001 1 2.5e-7
0.017 0.001 1 2.5e-7
0.0175 0.001 1 2.5e-7
0.018 0.001 1 2.5e-7
0.0185 0.001 1 2.5e-7
0.019 0.001 1 2.5e-7
0.0195 0.001 1 2.5e-7
0.02 0.001 1 2.5e-7
0.0 0.0015 1 2.5e-7
0.0005 0.0015 1 2.5e-7
0.001 0.0015 1 2.5e-7
0.0015 0.0015 1 2.5e-7
0.002 0.0015 1 2.5e-7
0.0025 0.0015 1 2.5e-7
0.003 0.0015 1 2.5e-7
0.0035 0.0015 1 2.5e-7
0.004 0.0015 1 2.5e-7
0.0045 0.0015 1 2.5e-7
0.005 0.0015 1 2.5e-7
0.0055 0.0015 1 2.5e-7
0.006 0.0015 1 2.5e-7
0.0065 0.0015 1 2.5e-7
0.007 0.0015 1 2.5e-7
0.0075 0.0015 1 2.5e-7
0.008 0.0015 1 2.5e-7
0.0085 0.0015 1 2.5e-7
0.009 0.0015 1 2.5e-7
0.0095 0.0015 1 2.5e-7
0.01 0.0015 1 2.5e-7
0.0105 0.0015 1 2.5e-7
0.011 0.0015 1 2.5e-7
0.0115 0.0015 1 2.5e-7
0.012 0.0015 1 2.5e-7
0.0125 0.0015 1 2.5e-7
0.013 0.0015 1 2.5e-7
0.0135 0.0015 1 2.5e-7
0.014 0.0015 1 2.5e-7
0.0145 0.0015 1 2.5e-7
0.015 0.0015 1 2.5e-7
0.0155 0.0015 1 2.5e-7
0.016 0.0015 1 2.5e-7
0.0165 0.0015 1 2.5e-7
0.017 0.0015 1 2.5e-7
0.0175 0.0015 1 2.5e-7
0.018 0.0015 1 2.5e-7
0.0185 0.0015 1 2.5e-7
0.019 0.0015 1 2.5e-7
0.0195 0.0015 1 2.5e-7
0.02 0.0015 1 2.5e-7
0.0 0.002 1 2.5e-7
0.0005 0.002 1 2.5e-7
0.001 0.002 1 2.5e-7
0.0015 0.002 1 2.5e-7
0.002 0.002 1 2.5e-7
0.0025 0.002 1 2.5e-7
0.003 0.002 1 2.5e-7
0.0035 0.002 1 2.5e-7
0.004 0.002 1 2.5e-7
0.0045 0.002 1 2.5e-7
0.005 0.002 1 2.5e-7
0.0055 0.002 1 2.5e-7
0.006 0.002 1 2.5e-7
0.0065 0.002 1 2.5e-7
0.007 0.002 1 2.5e-7
0.0075 0.002 1 2.5e-7
0.008 0.002 1 2.5e-7
0.0085 0.002 1 2.5e-7
0.009 0.002 1 2.5e-7
0.0095 0.002 1 2.5e-7
0.01 0.002 1 2.5e-7
0.0105 0.002 1 2.5e-7
0.011 0.002 1 2.5e-7
0.0115 0.002 1 2.5e-7
0.012 0.002 1 2.5e-7
0.0125 0.002 1 2.5e-7
0.013 0.002 1 2.5e-7
0.0135 0.002 1 2.5e-7
0.014 0.002 1 2.5e-7
0.0145 0.002 1 2.5e-7
0.015 0.002 1 2.5e-7
0.0155 0.002 1 2.5e-7
0.016 0.002 1 2.5e-7
0.0165 0.002 1 2.5e-7
0.017 0.002 1 2.5e-7
0.0175 0.002 1 2.5e-7
0.018 0.002 1 2.5e-7
0.0185 0.002 1 2.5e-7
0.019 0.002 1 2.5e-7
0.0195 0.002 1 2.5e-7
0.02 0.002 1 2.5e-7
0.0 0.0025 1 2.5e-7
0.0005 0.0025 1 2.5e-7
0.001 0.0025 1 2.5e-7
0.0015 0.0025 1 2.5e-7
0.002 0.0025 1 2.5e-7
0.0025 0.0025 1 2.5e-7
0.003 0.0025 1 2.5e-7
0.0035 0.0025 1 2.5e-7
0.004 0.0025 1 2.5e-7
0.0045 0.0025 1 2.5e-7
0.005 0.0025 1 2.5e-7
0.0055 0.0025 1 2.5e-7
0.006 0.0025 1 2.5e-7
0.0065 0.0025 1 2.5e-7
0.007 0.0025 1 2.5e-7
0.0075 0.0025 1 2.5e-7
0.008 0.0025 1 2.5e-7
0.0085 0.0025 1 2.5e-7
0.009 0.0025 1 2.5e-7
0.0095 0.0025 1 2.5e-7
0.01 0.0025 1 2.5e-7
0.0105 0.0025 1 2.5e-7
0.011 0.0025 1 2.5e-7
0.0115 0.0025 1 2.5e-7
0.012 0.0025 1 2.5e-7
0.0125 0.0025 1 2.5e-7
0.013 0.0025 1 2.5e-7
0.0135 0.0025 1 2.5e-7
0.014 0.0025 1 2.5e-7
0.0145 0.0025 1 2.5e-7
0.015 0.0025 1 2.5e-7
0.0155 0.0025 1 2.5e-7
0.016 0.0025 1 2.5e-7
0.0165 0.0025 1 2.5e-7
0.017 0.0025 1 2.5e-7
0.0175 0.0025 1 2.5e-7
0.018 0.0025 1 2.5e-7
0.0185 0.0025 1 2.5e-7
0.019 0.0025 1 2.5e-7
0.0195 0.0025 1 2.5e-7
0.02 0.0025 1 2.5e-7
0.0 0.003 1 2.5e-7
0.0005 0.003 1 2.5e-7
0.001 0.003 1 2.5e-7
0.0015 0.003 1 2.5e-7
0.002 0.003 1 2.5e-7
0.0025 0.003 1 2.5e-7
0.003 0.003 1 2.5e-7
0.0035 0.003 1 2.5e-7
0.004 0.003 1 2.5e-7
0.0045 0.003 1 2.5e-7
0.005 0.003 1 2.5e-7
0.0055 0.003 1 2.5e-7
0.006 0.003 1 2.5e-7
0.0065 0.003 1 2.5e-7
0.007 0.003 1 2.5e-7
0.0075 0.003 1 2.5e-7
0.008 0.003 1 2.5e-7
0.0085 0.003 1 2.5e-7
0.009 0.003 1 2.5e-7
0.0095 0.003 1 2.5e-7
0.01 0.003 1 2.5e-7
0.0105 0.003 1 2.5e-7
0.011 0.003 1 2.5e-7
0.0115 0.003 1 2.5e-7
0.012 0.003 1 2.5e-7
0.0125 0.003 1 2.5e-7
0.013 0.003 1 2.5e-7
0.0135 0.003 1 2.5e-7
0.014 0.003 1 2.5e-7
0.0145 0.003 1 2.5e-7
0.015 0.003 1 2.5e-7
0.0155 0.003 1 2.5e-7
0.016 0.003 1 2.5e-7
0.0165 0.003 1 2.5e-7
0.017 0.003 1 2.5e-7
0.0175 0.003 1 2.5e-7
0.018 0.003 1 2.5e-7
0.0185 0.003 1 2.5e-7
0.019 0.003 1 2.5e-7
0.0195 0.003 1 2.5e-7
0.02 0.003 1 2.5e-7
0.0 0.0035 1 2.5e-7
0.0005 0.0035 1 2.5e-7
0.001 0.0035 1 2.5e-7
0.0015 0.0035 1 2.5e-7
0.002 0.0035 1 2.5e-7
0.0025 0.0035 1 2.5e-7
0.003 0.0035 1 2.5e-7
0.0035 0.0035 1 2.5e-7
0.004 0.0035 1 2.5e-7
0.0045 0.0035 1 2.5e-7
0.005 0.0035 1 2.5e-7
0.0055 0.0035 1 2.5e-7
0.006 0.0035 1 2.5e-7
0.0065 0.0035 1 2.5e-7
0.007 0.0035 1 2.5e-7
0.0075 0.0035 1 2.5e-7
0.008 0.0035 1 2.5e-7
0.0085 0.0035 1 2.5e-7
0.009 0.0035 1 2.5e-7
0.0095 0.0035 1 2.5e-7
0.01 0.0035 1 2.5e-7
0.0105 0.0035 1 2.5e-7
0.011 0.0035 1 2.5e-7
0.0115 0.0035 1 2.5e-7
0.012 0.0035 1 2.5e-7
0.0125 0.0035 1 2.5e-7
0.013 0.0035 1 2.5e-7
0.0135 0.0035 1 2.5e-7
0.014 0.0035 1 2.5e-7
0.0145 0.0035 1 2.5e-7
0.015 0.0035 1 2.5e-7
0.0155 0.0035 1 2.5e-7
0.016 0.0035 1 2.5e-7
0.0165 0.0035 1 2.5e-7
0.017 0.0035 1 2.5e-7
0.0175 0.0035 1 2.5e-7
0.018 0.0035 1 2.5e-7
0.0185 0.0035 1 2.5e-7
0.019 0.0035 1 2.5e-7
0.0195 0.0035 1 2.5e-7
0.02 0.0035 1 2.5e-7
0.0 0.004 1 2.5e-7
0.0005 0.004 1 2.5e-7
0.001 0.004 1 2.5e-7
0.0015 0.004 1 2.5e-7
0.002 0.004 1 2.5e-7
0.0025 0.004 1 2.5e-7
0.003 0.004 1 2.5e-7
0.0035 0.004 1 2.5e-7
0.004 0.004 1 2.5e-7
0.0045 0.004 1 2.5e-7
0.005 0.004 1 2.5e-7
0.0055 0.004 1 2.5e-7
0.006 0.004 1 2.5e-7
0.0065 0.004 1 2.5e-7
0.007 0.004 1 2.5e-7
0.0075 0.004 1 2.5e-7
0.008 0.004 1 2.5e-7
0.0085 0.004 1 2.5e-7
0.009 0.004 1 2.5e-7
0.0095 0.004 1 2.5e-7
0.01 0.004 1 2.5e-7
0.0105 0.004 1 2.5e-7
0.011 0.004 1 2.5e-7
0.0115 0.004 1 2.5e-7
0.012 0.004 1 2.5e-7
0.0125 0.004 1 2.5e-7
0.013 0.004 1 2.5e-7
0.0135 0.004 1 2.5e-7
0.014 0.004 1 2.5e-7
0.0145 0.004 1 2.5e-7
0.015 0.004 1 2.5e-7
0.0155 0.004 1 2.5e-7
0.016 0.004 1 2.5e-7
0.0165 0.004 1 2.5e-7
0.017 0.004 1 2.5e-7
0.0175 0.004 1 2.5e-7
0.018 0.004 1 2.5e-7
0.0185 0.004 1 2.5e-7
0.019 0.004 1 2.5e-7
0.0195 0.004 1 2.5e-7
0.02 0.004 1 2.5e-7
0.0 0.0045 1 2.5e-7
0.0005 0.0045 1 2.5e-7
0.001 0.0045 1 2.5e-7
0.0015 0.0045 1 2.5e-7
0.002 0.0045 1 2.5e-7
0.0025 0.0045 1 2.5e-7
0.003 0.0045 1 2.5e-7
0.0035 0.0045 1 2.5e-7
0.004 0.0045 1 2.5e-7
0.0045 0.0045 1 2.5e-7
0.005 0.0045 1 2.5e-7
0.0055 0.0045 1 2.5e-7
0.006 0.0045 1 2.5e-7
0.0065 0.0045 1 2.5e-7
0.007 0.0045 1 2.5e-7
0.0075 0.0045 1 2.5e-7
0.008 0.0045 1 2.5e-7
0.0085 0.0045 1 2.5e-7
0.009 0.0045 1 2.5e-7
0.0095 0.0045 1 2.5e-7
0.01 0.0045 1 2.5e-7
0.0105 0.0045 1 2.5e-7
0.011 0.0045 1 2.5e-7
0.0115 0.0045 1 2.5e-7
0.012 0.0045 1 2.5e-7
0.0125 0.0045 1 2.5e-7
0.013 0.0045 1 2.5e-7
0.0135 0.0045 1 2.5e-7
0.014 0.0045 1 2.5e-7
0.0145 0.0045 1 2.5e-7
0.015 0.0045 1 2.5e-7
0.0155 0.0045 1 2.5e-7
0.016 0.0045 1 2.5e-7
0.0165 0.0045 1 2.5e-7
0.017 0.0045 1 2.5e-7
0.0175 0.0045 1 2.5e-7
0.018 0.0045 1 2.5e-7
0.0185 0.0045 1 2.5e-7
0.019 0.0045 1 2.5e-7
0.0195 0.0045 1 2.5e-7
0.02 0.0045 1 2.5e-7
0.0 0.005 1 2.5e-7
0.0005 0.005 1 2.5e-7
0.001 0.005 1 2.5e-7
0.0015 0.005 1 2.5e-7
0.002 0.005 1 2.5e-7
0.0025 0.005 1 2.5e-7
0.003 0.005 1 2.5e-7
0.0035 0.005 1 2.5e-7
0.004 0.005 1 2.5e-7
0.0045 0.005 1 2.5e-7
0.005 0.005 1 2.5e-7
0.0055 0.005 1 2.5e-7
0.006 0.005 1 2.5e-7
0.0065 0.005 1 2.5e-7
0.007 0.005 1 2.5e-7
0.0075 0.005 1 2.5e-7
0.008 0.005 1 2.5e-7
0.0085 0.005 1 2.5e-7
0.009 0.005 1 2.5e-7
0.0095 0.005 1 2.5e-7
0.01 0.005 1 2.5e-7
0.0105 0.005 1 2.5e-7
0.011 0.005 1 2.5e-7
0.0115 0.005 1 2.5e-7
0.012 0.005 1 2.5e-7
0.0125 0.005 1 2.5e-7
0.013 0.005 1 2.5e-7
0.0135 0.005 1 2.5e-7
0.014 0.005 1 2.5e-7
0.0145 0.005 1 2.5e-7
0.015 0.005 1 2.5e-7
0.0155 0.005 1 2.5e-7
0.016 0.005 1 2.5e-7
0.0165 0.005 1 2.5e-7
0.017 0.005 1 2.5e-7
0.0175 0.005 1 2.5e-7
0.018 0.005 1 2.5e-7
0.0185 0.005 1 2.5e-7
0.019 0.005 1 2.5e-7
0.0195 0.005 1 2.5e-7
0.02 0.005 1 2.5e-7
0.0 0.0055 1 2.5e-7
0.0005 0.0055 1 2.5e-7
0.001 0.0055 1 2.5e-7
0.0015 0.0055 1 2.5e-7
0.002 0.0055 1 2.5e-7
0.0025 0.0055 1 2.5e-7
0.003 0.0055 1 2.5e-7
0.0035 0.0055 1 2.5e-7
0.004 0.0055 1 2.5e-7
0.0045 0.0055 1 2.5e-7
0.005 0.0055 1 2.5e-7
0.0055 0.0055 1 2.5e-7
0.006 0.0055 1 2.5e-7
0.0065 0.0055 1 2.5e-7
0.007 0.0055 1 2.5e-7
0.0075 0.0055 1 2.5e-7
0.008 0.0055 1 2.5e-7
0.0085 0.0055 1 2.5e-7
0.009 0.0055 1 2.5e-7
0.0095 0.0055 1 2.5e-7
0.01 0.0055 1 2.5e-7
0.0105 0.0055 1 2.5e-7
0.011 0.0055 1 2.5e-7
0.0115 0.0055 1 2.5e-7
0.012 0.0055 1 2.5e-7
0.0125 0.0055 1 2.5e-7
0.013 0.0055 1 2.5e-7
0.0135 0.0055 1 2.5e-7
0.014 0.0055 1 2.5e-7
0.0145 0.0055 1 2.5e-7
0.015 0.0055 1 2.5e-7
0.0155 0.0055 1 2.5e-7
0.016 0.0055 1 2.5e-7
0.0165 0.0055 1 2.5e-7
0.017 0.0055 1 2.5e-7
0.0175 0.0055 1 2.5e-7
0.018 0.0055 1 2.5e-7
0.0185 0.0055 1 2.5e-7
0.019 0.0055 1 2.5e-7
0.0195 0.0055 1 2.5e-7
0.02 0.0055 1 2.5e-7
0.0 0.006 1 2.5e-7
0.0005 0.006 1 2.5e-7
0.001 0.006 1 2.5e-7
0.0015 0.006 1 2.5e-7
0.002 0.006 1 2.5e-7
0.0025 0.006 1 2.5e-7
0.003 0.006 1 2.5e-7
0.0035 0.006 1 2.5e-7
0.004 0.006 1 2.5e-7
0.0045 0.006 1 2.5e-7
0.005 0.006 1 2.5e-7
0.0055 0.006 1 2.5e-7
0.006 0.006 1 2.5e-7
0.0065 0.006 1 2.5e-7
0.007 0.006 1 2.5e-7
0.0075 0.006 1 2.5e-7
0.008 0.006 1 2.5e-7
0.0085 0.006 1 2.5e-7
0.009 0.006 1 2.5e-7
0.0095 0.006 1 2.5e-7
0.01 0.006 1 2.5e-7
0.0105 0.006 1 2.5e-7
0.011 0.006 1 2.5e-7
0.0115 0.006 1 2.5e-7
0.012 0.006 1 2.5e-7
0.0125 0.006 1 2.5e-7
0.013 0.006 1 2.5e-7
0.0135 0.006 1 2.5e-7
0.014 0.006 1 2.5e-7
0.0145 0.006 1 2.5e-7
0.015 0.006 1 2.5e-7
0.0155 0.006 1 2.5e-7
0.016 0.006 1 2.5e-7
0.0165 0.006 1 2.5e-7
0.017 0.006 1 2.5e-7
0.0175 0.006 1 2.5e-7
0.018 0.006 1 2.5e-7
0.0185 0.006 1 2.5e-7
0.019 0.006 1 2.5e-7
0.0195 0.006 1 2.5e-7
0.02 0.006 1 2.5e-7
0.0 0.0065 1 2.5e-7
0.0005 0.0065 1 2.5e-7
0.001 0.0065 1 2.5e-7
0.0015 0.0065 1 2.5e-7
0.002 0.0065 1 2.5e-7
0.0025 0.0065 1 2.5e-7
0.003 0.0065 1 2.5e-7
0.0035 0.0065 1 2.5e-7
0.004 0.0065 1 2.5e-7
0.0045 0.0065 1 2.5e-7
0.005 0.0065 1 2.5e-7
0.0055 0.0065 1 2.5e-7
0.006 0.0065 1 2.5e-7
0.0065 0.0065 1 2.5e-7
0.007 0.0065 1 2.5e-7
0.0075 0.0065 1 2.5e-7
0.008 0.0065 1 2.5e-7
0.0085 0.0065 1 2.5e-7
0.009 0.0065 1 2.5e-7
0.0095 0.0065 1 2.5e-7
0.01 0.0065 1 2.5e-7
0.0105 0.0065 1 2.5e-7
0.011 0.0065 1 2.5e-7
0.0115 0.0065 1 2.5e-7
0.012 0.0065 1 2.5e-7
0.0125 0.0065 1 2.5e-7
0.013 0.0065 1 2.5e-7
0.0135 0.0065 1 2.5e-7
0.014 0.0065 1 2.5e-7
0.0145 0.0065 1 2.5e-7
0.015 0.0065 1 2.5e-7
0.0155 0.0065 1 2.5e-7
0.016 0.0065 1 2.5e-7
0.0165 0.0065 1 2.5e-7
0.017 0.0065 1 2.5e-7
0.0175 0.0065 1 2.5e-7
0.018 0.0065 1 2.5e-7
0.0185 0.0065 1 2.5e-7
0.019 0.0065 1 2.5e-7
0.0195 0.0065 1 2.5e-7
0.02 0.0065 1 2.5e-7
0.0 0.007 1 2.5e-7
0.0005 0.007 1 2.5e-7
0.001 0.007 1 2.5e-7
0.0015 0.007 1 2.5e-7
0.002 0.007 1 2.5e-7
0.0025 0.007 1 2.5e-7
0.003 0.007 1 2.5e-7
0.0035 0.007 1 2.5e-7
0.004 0.007 1 2.5e-7
0.0045 0.007 1 2.5e-7
0.005 0.007 1 2.5e-7
0.0055 0.007 1 2.5e-7
0.006 0.007 1 2.5e-7
0.0065 0.007 1 2.5e-7
0.007 0.007 1 2.5e-7
0.0075 0.007 1 2.5e-7
0.008 0.007 1 2.5e-7
0.0085 0.007 1 2.5e-7
0.009 0.007 1 2.5e-7
0.0095 0.007 1 2.5e-7
0.01 0.007 1 2.5e-7
0.0105 0.007 1 2.5e-7
0.011 0.007 1 2.5e-7
0.0115 0.007 1 2.5e-7
0.012 0.007 1 2.5e-7
0.0125 0.007 1 2.5e-7
0.013 0.007 1 2.5e-7
0.0135 0.007 1 2.5e-7
0.014 0.007 1 2.5e-7
0.0145 0.007 1 2.5e-7
0.015 0.007 1 2.5e-7
0.0155 0.007 1 2.5e-7
0.016 0.007 1 2.5e-7
0.0165 0.007 1 2.5e-7
0.017 0.007 1 2.5e-7
0.0175 0.007 1 2.5e-7
0.018 0.007 1 2.5e-7
0.0185 0.007 1 2.5e-7
0.019 0.007 1 2.5e-7
0.0195 0.007 1 2.5e-7
0.02 0.007 1 2.5e-7
0.0 0.0075 1 2.5e-7
0.0005 0.0075 1 2.5e-7
0.001 0.0075 1 2.5e-7
0.0015 0.0075 1 2.5e-7
0.002 0.0075 1 2.5e-7
0.0025 0.0075 1 2.5e-7
0.003 0.0075 1 2.5e-7
0.0035 0.0075 1 2.5e-7
0.004 0.0075 1 2.5e-7
0.0045 0.0075 1 2.5e-7
0.005 0.0075 1 2.5e-7
0.0055 0.0075 1 2.5e-7
0.006 0.0075 1 2.5e-7
0.0065 0.0075 1 2.5e-7
0.007 0.0075 1 2.5e-7
0.0075 0.0075 1 2.5e-7
0.008 0.0075 1 2.5e-7
0.0085 0.0075 1 2.5e-7
0.009 0.0075 1 2.5e-7
0.0095 0.0075 1 2.5e-7
0.01 0.0075 1 2.5e-7
0.0105 0.0075 1 2.5e-7
0.011 0.0075 1 2.5e-7
0.0115 0.0075 1 2.5e-7
0.012 0.0075 1 2.5e-7
0.0125 0.0075 1 2.5e-7
0.013 0.0075 1 2.5e-7
0.0135 0.0075 1 2.5e-7
0.014 0.0075 1 2.5e-7
0.0145 0.0075 1 2.5e-7
0.015 0.0075 1 2.5e-7
0.0155 0.0075 1 2.5e-7
0.016 0.0075 1 2.5e-7
0.0165 0.0075 1 2.5e-7
0.017 0.0075 1 2.5e-7
0.0175 0.0075 1 2.5e-7
0.018 0.0075 1 2.5e-7
0.0185 0.0075 1 2.5e-7
0.019 0.0075 1 2.5e-7
0.0195 0.0075 1 2.5e-7
0.02 0.0075 1 2.5e-7
0.0 0.008 1 2.5e-7
0.0005 0.008 1 2.5e-7
0.001 0.008 1 2.5e-7
0.0015 0.008 1 2.5e-7
0.002 0.008 1 2.5e-7
0.0025 0.008 1 2.5e-7
0.003 0.008 1 2.5e-7
0.0035 0.008 1 2.5e-7
0.004 0.008 1 2.5e-7
0.0045 0.008 1 2.5e-7
0.005 0.008 1 2.5e-7
0.0055 0.008 1 2.5e-7
0.006 0.008 1 2.5e-7
0.0065 0.008 1 2.5e-7
0.007 0.008 1 2.5e-7
0.0075 0.008 1 2.5e-7
0.008 0.008 1 2.5e-7
0.0085 0.008 1 2.5e-7
0.009 0.008 1 2.5e-7
0.0095 0.008 1 2.5e-7
0.01 0.008 1 2.5e-7
0.0105 0.008 1 2.5e-7
0.011 0.008 1 2.5e-7
0.0115 0.008 1 2.5e-7
0.012 0.008 1 2.5e-7
0.0125 0.008 1 2.5e-7
0.013 0.008 1 2.5e-7
0.0135 0.008 1 2.5e-7
0.014 0.008 1 2.5e-7
0.0145 0.008 1 2.5e-7
0.015 0.008 1 2.5e-7
0.0155 0.008 1 2.5e-7
0.016 0.008 1 2.5e-7
0.0165 0.008 1 2.5e-7
0.017 0.008 1 2.5e-7
0.0175 0.008 1 2.5e-7
0.018 0.008 1 2.5e-7
0.0185 0.008 1 2.5e-7
0.019 0.008 1 2.5e-7
0.0195 0.008 1 2.5e-7
0.02 0.008 1 2.5e-7
0.0 0.0085 1 2.5e-7
0.0005 0.0085 1 2.5e-7
0.001 0.0085 1 2.5e-7
0.0015 0.0085 1 2.5e-7
0.002 0.0085 1 2.5e-7
0.0025 0.0085 1 2.5e-7
0.003 0.0085 1 2.5e-7
0.0035 0.0085 1 2.5e-7
0.004 0.0085 1 2.5e-7
0.0045 0.0085 1 2.5e-7
0.005 0.0085 1 2.5e-7
0.0055 0.0085 1 2.5e-7
0.006 0.0085 1 2.5e-7
0.0065 0.0085 1 2.5e-7
0.007 0.0085 1 2.5e-7
0.0075 0.0085 1 2.5e-7
0.008 0.0085 1 2.5e-7
0.0085 0.0085 1 2.5e-7
0.009 0.0085 1 2.5e-7
0.0095 0.0085 1 2.5e-7
0.01 0.0085 1 2.5e-7
0.0105 0.0085 1 2.5e-7
0.011 0.0085 1 2.5e-7
0.0115 0.0085 1 2.5e-7
0.012 0.0085 1 2.5e-7
0.0125 0.0085 1 2.5e-7
0.013 0.0085 1 2.5e-7
0.0135 0.0085 1 2.5e-7
0.014 0.0085 1 2.5e-7
0.0145 0.0085 1 2.5e-7
0.015 0.0085 1 2.5e-7
0.0155 0.0085 1 2.5e-7
0.016 0.0085 1 2.5e-7
0.0165 0.0085 1 2.5e-7
0.017 0.0085 1 2.5e-7
0.0175 0.0085 1 2.5e-7
0.018 0.0085 1 2.5e-7
0.0185 0.0085 1 2.5e-7
0.019 0.0085 1 2.5e-7
0.0195 0.0085 1 2.5e-7
0.02 0.0085 1 2.5e-7
0.0 0.009 1 2.5e-7
0.0005 0.009 1 2.5e-7
0.001 0.009 1 2.5e-7
0.0015 0.009 1 2.5e-7
0.002 0.009 1 2.5e-7
0.0025 0.009 1 2.5e-7
0.003 0.009 1 2.5e-7
0.0035 0.009 1 2.5e-7
0.004 0.009 1 2.5e-7
0.0045 0.009 1 2.5e-7
0.005 0.009 1 2.5e-7
0.0055 0.009 1 2.5e-7
0.006 0.009 1 2.5e-7
0.0065 0.009 1 2.5e-7
0.007 0.009 1 2.5e-7
0.0075 0.009 1 2.5e-7
0.008 0.009 1 2.5e-7
0.0085 0.009 1 2.5e-7
0.009 0.009 1 2.5e-7
0.0095 0.009 1 2.5e-7
0.01 0.009 1 2.5e-7
0.0105 0.009 1 2.5e-7
0.011 0.009 1 2.5e-7
0.0115 0.009 1 2.5e-7
0.012 0.009 1 2.5e-7
0.0125 0.009 1 2.5e-7
0.013 0.009 1 2.5e-7
0.0135 0.009 1 2.5e-7
0.014 0.009 1 2.5e-7
0.0145 0.009 1 2.5e-7
0.015 0.009 1 2.5e-7
0.0155 0.009 1 2.5e-7
0.016 0.009 1 2.5e-7
0.0165 0.009 1 2.5e-7
0.017 0.009 1 2.5e-7
0.0175 0.009 1 2.5e-7
0.018 0.009 1 2.5e-7
0.0185 0.009 1 2.5e-7
0.019 0.009 1 2.5e-7
0.0195 0.009 1 2.5e-7
0.02 0.009 1 2.5e-7
0.0 0.0095 1 2.5e-7
0.0005 0.0095 1 2.5e-7
0.001 0.0095 1 2.5e-7
0.0015 0.0095 1 2.5e-7
0.002 0.0095 1 2.5e-7
0.0025 0.0095 1 2.5e-7
0.003 0.0095 1 2.5e-7
0.0035 0.0095 1 2.5e-7
0.004 0.0095 1 2.5e-7
0.0045 0.0095 1 2.5e-7
0.005 0.0095 1 2.5e-7
0.0055 0.0095 1 2.5e-7
0.006 0.0095 1 2.5e-7
0.0065 0.0095 1 2.5e-7
0.007 0.0095 1 2.5e-7
0.0075 0.0095 1 2.5e-7
0.008 0.0095 1 2.5e-7
0.0085 0.0095 1 2.5e-7
0.009 0.0095 1 2.5e-7
0.0095 0.0095 1 2.5e-7
0.01 0.0095 1 2.5e-7
0.0105 0.0095 1 2.5e-7
0.011 0.0095 1 2.5e-7
0.0115 0.0095 1 2.5e-7
0.012 0.0095 1 2.5e-7
0.0125 0.0095 1 2.5e-7
0.013 0.0095 1 2.5e-7
0.0135 0.0095 1 2.5e-7
0.014 0.0095 1 2.5e-7
0.0145 0.0095 1 2.5e-7
0.015 0.0095 1 2.5e-7
0.0155 0.0095 1 2.5e-7
0.016 0.0095 1 2.5e-7
0.0165 0.0095 1 2.5e-7
0.017 0.0095 1 2.5e-7
0.0175 0.0095 1 2.5e-7
0.018 0.0095 1 2.5e-7
0.0185 0.0095 1 2.5e-7
0.019 0.0095 1 2.5e-7
0.0195 0.0095 1 2.5e-7
0.02 0.0095 1 2.5e-7
0.0 0.01 1 2.5e-7
0.0005 0.01 1 2.5e-7
0.001 0.01 1 2.5e-7
0.0015 0.01 1 2.5e-7
0.002 0.01 1 2.5e-7
0.0025 0.01 1 2.5e-7
0.003 0.01 1 2.5e-7
0.0035 0.01 1 2.5e-7
0.004 0.01 1 2.5e-7
0.0045 0.01 1 2.5e-7
0.005 0.01 1 2.5e-7
0.0055 0.01 1 2.5e-7
0.006 0.01 1 2.5e-7
0.0065 0.01 1 2.5e-7
0.007 0.01 1 2.5e-7
0.0075 0.01 1 2.5e-7
0.008 0.01 1 2.5e-7
0.0085 0.01 1 2.5e-7
0.009 0.01 1 2.5e-7
0.0095 0.01 1 2.5e-7
0.01 0.01 1 2.5e-7
0.0105 0.01 1 2.5e-7
0.011 0.01 1 2.5e-7
0.0115 0.01 1 2.5e-7
0.012 0.01 1 2.5e-7
0.0125 0.01 1 2.5e-7
0.013 0.01 1 2.5e-7
0.0135 0.01 1 2.5e-7
0.014 0.01 1 2.5e-7
0.0145 0.01 1 2.5e-7
0.015 0.01 1 2.5e-7
0.0155 0.01 1 2.5e-7
0.016 0.01 1 2.5e-7
0.0165 0.01 1 2.5e-7
0.017 0.01 1 2.5e-7
0.0175 0.01 1 2.5e-7
0.018 0.01 1 2.5e-7
0.0185 0.01 1 2.5e-7
0.019 0.01 1 2.5e-7
0.0195 0.01 1 2.5e-7
0.02 0.01 1 2.5e-7
