# SPDX-FileCopyrightText: 2023 Christian Willberg <christian.willberg@dlr.de>, Jan-Timo Hesse <jan-timo.hesse@dlr.de>
#
# SPDX-License-Identifier: BSD-3-Clause

header: x y block_id volume
0.0 0.0 1 0.0001
0.01 0.0 1 0.0001
0.02 0.0 1 0.0001
0.03 0.0 1 0.0001
0.04 0.0 1 0.0001
0.05 0.0 1 0.0001
0.06 0.0 1 0.0001
0.07 0.0 1 0.0001
0.08 0.0 1 0.0001
0.09 0.0 1 0.0001
0.1 0.0 1 0.0001
0.11 0.0 1 0.0001
0.12 0.0 1 0.0001
0.13 0.0 1 0.0001
0.14 0.0 1 0.0001
0.15 0.0 1 0.0001
0.16 0.0 1 0.0001
0.17 0.0 1 0.0001
0.18 0.0 1 0.0001
0.19 0.0 1 0.0001
0.2 0.0 1 0.0001
0.21 0.0 1 0.0001
0.22 0.0 1 0.0001
0.23 0.0 1 0.0001
0.24 0.0 1 0.0001
0.25 0.0 1 0.0001
0.26 0.0 1 0.0001
0.27 0.0 1 0.0001
0.28 0.0 1 0.0001
0.29 0.0 1 0.0001
0.3 0.0 1 0.0001
0.0 0.01 1 0.0001
0.01 0.01 1 0.0001
0.02 0.01 1 0.0001
0.03 0.01 1 0.0001
0.04 0.01 1 0.0001
0.05 0.01 1 0.0001
0.06 0.01 1 0.0001
0.07 0.01 1 0.0001
0.08 0.01 1 0.0001
0.09 0.01 1 0.0001
0.1 0.01 1 0.0001
0.11 0.01 1 0.0001
0.12 0.01 1 0.0001
0.13 0.01 1 0.0001
0.14 0.01 1 0.0001
0.15 0.01 1 0.0001
0.16 0.01 1 0.0001
0.17 0.01 1 0.0001
0.18 0.01 1 0.0001
0.19 0.01 1 0.0001
0.2 0.01 1 0.0001
0.21 0.01 1 0.0001
0.22 0.01 1 0.0001
0.23 0.01 1 0.0001
0.24 0.01 1 0.0001
0.25 0.01 1 0.0001
0.26 0.01 1 0.0001
0.27 0.01 1 0.0001
0.28 0.01 1 0.0001
0.29 0.01 1 0.0001
0.3 0.01 1 0.0001
0.0 0.02 1 0.0001
0.01 0.02 1 0.0001
0.02 0.02 1 0.0001
0.03 0.02 1 0.0001
0.04 0.02 1 0.0001
0.05 0.02 1 0.0001
0.06 0.02 1 0.0001
0.07 0.02 1 0.0001
0.08 0.02 1 0.0001
0.09 0.02 1 0.0001
0.1 0.02 1 0.0001
0.11 0.02 1 0.0001
0.12 0.02 1 0.0001
0.13 0.02 1 0.0001
0.14 0.02 1 0.0001
0.15 0.02 1 0.0001
0.16 0.02 1 0.0001
0.17 0.02 1 0.0001
0.18 0.02 1 0.0001
0.19 0.02 1 0.0001
0.2 0.02 1 0.0001
0.21 0.02 1 0.0001
0.22 0.02 1 0.0001
0.23 0.02 1 0.0001
0.24 0.02 1 0.0001
0.25 0.02 1 0.0001
0.26 0.02 1 0.0001
0.27 0.02 1 0.0001
0.28 0.02 1 0.0001
0.29 0.02 1 0.0001
0.3 0.02 1 0.0001
