# SPDX-FileCopyrightText: 2023 Christian Willberg <christian.willberg@dlr.de>, Jan-Timo Hesse <jan-timo.hesse@dlr.de>
#
# SPDX-License-Identifier: BSD-3-Clause

header:
1 2 32 33
2 3 33 34
3 4 34 35
4 5 35 36
5 6 36 37
6 7 37 38
7 8 38 39
8 9 39 40
9 10 40 41
10 11 41 42
11 12 42 43
12 13 43 44
13 14 44 45
14 15 45 46
15 16 46 47
#16 17 47 48
#17 18 48 49
#18 19 49 50
#19 20 50 51
#20 21 51 52
#21 22 52 53
#22 23 53 54
#23 24 54 55
#24 25 55 56
#25 26 56 57
#26 27 57 58
#27 28 58 59
#28 29 59 60
#29 30 60 61
#30 31 61 62
32 33 63 64
33 34 64 65
34 35 65 66
35 36 66 67
36 37 67 68
37 38 68 69
38 39 69 70
39 40 70 71
40 41 71 72
41 42 72 73
42 43 73 74
43 44 74 75
44 45 75 76
45 46 76 77
46 47 77 78
#47 48 78 79
#48 49 79 80
#49 50 80 81
#50 51 81 82
#51 52 82 83
#52 53 83 84
#53 54 84 85
#54 55 85 86
#55 56 86 87
#56 57 87 88
#57 58 88 89
#58 59 89 90
#59 60 90 91
#60 61 91 92
#61 62 92 93
