# SPDX-FileCopyrightText: 2023 Christian Willberg <christian.willberg@dlr.de>, Jan-Timo Hesse <jan-timo.hesse@dlr.de>
#
# SPDX-License-Identifier: BSD-3-Clause

header: global_id
196
392
588
784
980
1176
1372
1568
1764
1960
2156
2352
2548
2744
2940
3136
3332
3528
3724
3920
4116
4312
4508
4704
4900
5096
5297
5498
5699
5900
6101
6302
6503
6704
6905
7106
7307
7508
7709
7910
8111
8312
8513
8714
8915
9116
9317
9518
9719
9920
10121
10322
10523
10724
10925
11126
11327
11528
11729
11930
12131
12332
12533
12734
12935
13136
13337
13538
13739
13940
14141
14342
14543
14744
14945
15146
15347
15548
15749
15950
16151
16352
16553
16754
16955
17156
17357
17558
17759
17960
18161
18362
18563
18764
18965
19166
19367
19568
19769
19970
20171
20372
20573
20774
20975
21176
21377
21578
21779
21980
22181
22382
22583
22784
22985
23186
23387
23588
23789
23990
24191
24392
24593
24794
24995
25196
25397
25598
25799
26000
26201
26402
26603
26804
27005
27206
27407
27608
27809
28010
28211
28412
28613
28814
29015
29216
29417
29618
29819
30020
30221
30422
30623
30824
31025
31226
31427
31628
31829
32030
32231
32432
32633
32834
33035
33236
33437
33638
33839
34040
34241
34442
34643
34844
35045
35241
35437
35633
35829
36025
36221
36417
36613
36809
37005
37201
37397
37593
37789
37985
38181
38377
38573
38769
38965
39161
39357
39553
39749
39945
40141
