# SPDX-FileCopyrightText: 2023 Christian Willberg <christian.willberg@dlr.de>, Jan-Timo Hesse <jan-timo.hesse@dlr.de>
#
# SPDX-License-Identifier: BSD-3-Clause

header: global_id
1
197
393
589
785
981
1177
1373
1569
1765
1961
2157
2353
2549
2745
2941
3137
3333
3529
3725
3921
4117
4313
4509
4705
4901
5097
5298
5499
5700
5901
6102
6303
6504
6705
6906
7107
7308
7509
7710
7911
8112
8313
8514
8715
8916
9117
9318
9519
9720
9921
10122
10323
10524
10725
10926
11127
11328
11529
11730
11931
12132
12333
12534
12735
12936
13137
13338
13539
13740
13941
14142
14343
14544
14745
14946
15147
15348
15549
15750
15951
16152
16353
16554
16755
16956
17157
17358
17559
17760
17961
18162
18363
18564
18765
18966
19167
19368
19569
19770
19971
20172
20373
20574
20775
20976
21177
21378
21579
21780
21981
22182
22383
22584
22785
22986
23187
23388
23589
23790
23991
24192
24393
24594
24795
24996
25197
25398
25599
25800
26001
26202
26403
26604
26805
27006
27207
27408
27609
27810
28011
28212
28413
28614
28815
29016
29217
29418
29619
29820
30021
30222
30423
30624
30825
31026
31227
31428
31629
31830
32031
32232
32433
32634
32835
33036
33237
33438
33639
33840
34041
34242
34443
34644
34845
35046
35242
35438
35634
35830
36026
36222
36418
36614
36810
37006
37202
37398
37594
37790
37986
38182
38378
38574
38770
38966
39162
39358
39554
39750
39946
