# SPDX-FileCopyrightText: 2023 Christian Willberg <christian.willberg@dlr.de>, Jan-Timo Hesse <jan-timo.hesse@dlr.de>
#
# SPDX-License-Identifier: BSD-3-Clause

header: x y block_id volume
0.00025 0.00025 1 2.5e-08
0.00025 0.00075 1 2.5e-08
0.00025 0.00125 1 2.5e-08
0.00025 0.00175 1 2.5e-08
0.00025 0.0022500000000000003 1 2.5e-08
0.00025 0.00275 1 2.5e-08
0.00025 0.0032500000000000003 1 2.5e-08
0.00025 0.00375 1 2.5e-08
0.00025 0.00425 1 2.5e-08
0.00025 0.004750000000000001 1 2.5e-08
0.00025 0.00525 1 2.5e-08
0.00025 0.00575 1 2.5e-08
0.00025 0.00625 1 2.5e-08
0.00025 0.006750000000000001 1 2.5e-08
0.00025 0.00725 1 2.5e-08
0.00025 0.00775 1 2.5e-08
0.00025 0.00825 1 2.5e-08
0.00025 0.00875 1 2.5e-08
0.00025 0.009250000000000001 1 2.5e-08
0.00025 0.00975 1 2.5e-08
0.00075 0.00025 1 2.5e-08
0.00075 0.00075 1 2.5e-08
0.00075 0.00125 1 2.5e-08
0.00075 0.00175 1 2.5e-08
0.00075 0.0022500000000000003 1 2.5e-08
0.00075 0.00275 1 2.5e-08
0.00075 0.0032500000000000003 1 2.5e-08
0.00075 0.00375 1 2.5e-08
0.00075 0.00425 1 2.5e-08
0.00075 0.004750000000000001 1 2.5e-08
0.00075 0.00525 1 2.5e-08
0.00075 0.00575 1 2.5e-08
0.00075 0.00625 1 2.5e-08
0.00075 0.006750000000000001 1 2.5e-08
0.00075 0.00725 1 2.5e-08
0.00075 0.00775 1 2.5e-08
0.00075 0.00825 1 2.5e-08
0.00075 0.00875 1 2.5e-08
0.00075 0.009250000000000001 1 2.5e-08
0.00075 0.00975 1 2.5e-08
0.00125 0.00025 1 2.5e-08
0.00125 0.00075 1 2.5e-08
0.00125 0.00125 1 2.5e-08
0.00125 0.00175 1 2.5e-08
0.00125 0.0022500000000000003 1 2.5e-08
0.00125 0.00275 1 2.5e-08
0.00125 0.0032500000000000003 1 2.5e-08
0.00125 0.00375 1 2.5e-08
0.00125 0.00425 1 2.5e-08
0.00125 0.004750000000000001 1 2.5e-08
0.00125 0.00525 1 2.5e-08
0.00125 0.00575 1 2.5e-08
0.00125 0.00625 1 2.5e-08
0.00125 0.006750000000000001 1 2.5e-08
0.00125 0.00725 1 2.5e-08
0.00125 0.00775 1 2.5e-08
0.00125 0.00825 1 2.5e-08
0.00125 0.00875 1 2.5e-08
0.00125 0.009250000000000001 1 2.5e-08
0.00125 0.00975 1 2.5e-08
0.00175 0.00025 1 2.5e-08
0.00175 0.00075 1 2.5e-08
0.00175 0.00125 1 2.5e-08
0.00175 0.00175 1 2.5e-08
0.00175 0.0022500000000000003 1 2.5e-08
0.00175 0.00275 1 2.5e-08
0.00175 0.0032500000000000003 1 2.5e-08
0.00175 0.00375 1 2.5e-08
0.00175 0.00425 1 2.5e-08
0.00175 0.004750000000000001 1 2.5e-08
0.00175 0.00525 1 2.5e-08
0.00175 0.00575 1 2.5e-08
0.00175 0.00625 1 2.5e-08
0.00175 0.006750000000000001 1 2.5e-08
0.00175 0.00725 1 2.5e-08
0.00175 0.00775 1 2.5e-08
0.00175 0.00825 1 2.5e-08
0.00175 0.00875 1 2.5e-08
0.00175 0.009250000000000001 1 2.5e-08
0.00175 0.00975 1 2.5e-08
0.0022500000000000003 0.00025 1 2.5e-08
0.0022500000000000003 0.00075 1 2.5e-08
0.0022500000000000003 0.00125 1 2.5e-08
0.0022500000000000003 0.00175 1 2.5e-08
0.0022500000000000003 0.0022500000000000003 1 2.5e-08
0.0022500000000000003 0.00275 1 2.5e-08
0.0022500000000000003 0.0032500000000000003 1 2.5e-08
0.0022500000000000003 0.00375 1 2.5e-08
0.0022500000000000003 0.00425 1 2.5e-08
0.0022500000000000003 0.004750000000000001 1 2.5e-08
0.0022500000000000003 0.00525 1 2.5e-08
0.0022500000000000003 0.00575 1 2.5e-08
0.0022500000000000003 0.00625 1 2.5e-08
0.0022500000000000003 0.006750000000000001 1 2.5e-08
0.0022500000000000003 0.00725 1 2.5e-08
0.0022500000000000003 0.00775 1 2.5e-08
0.0022500000000000003 0.00825 1 2.5e-08
0.0022500000000000003 0.00875 1 2.5e-08
0.0022500000000000003 0.009250000000000001 1 2.5e-08
0.0022500000000000003 0.00975 1 2.5e-08
0.00275 0.00025 1 2.5e-08
0.00275 0.00075 1 2.5e-08
0.00275 0.00125 1 2.5e-08
0.00275 0.00175 1 2.5e-08
0.00275 0.0022500000000000003 1 2.5e-08
0.00275 0.00275 1 2.5e-08
0.00275 0.0032500000000000003 1 2.5e-08
0.00275 0.00375 1 2.5e-08
0.00275 0.00425 1 2.5e-08
0.00275 0.004750000000000001 1 2.5e-08
0.00275 0.00525 1 2.5e-08
0.00275 0.00575 1 2.5e-08
0.00275 0.00625 1 2.5e-08
0.00275 0.006750000000000001 1 2.5e-08
0.00275 0.00725 1 2.5e-08
0.00275 0.00775 1 2.5e-08
0.00275 0.00825 1 2.5e-08
0.00275 0.00875 1 2.5e-08
0.00275 0.009250000000000001 1 2.5e-08
0.00275 0.00975 1 2.5e-08
0.0032500000000000003 0.00025 1 2.5e-08
0.0032500000000000003 0.00075 1 2.5e-08
0.0032500000000000003 0.00125 1 2.5e-08
0.0032500000000000003 0.00175 1 2.5e-08
0.0032500000000000003 0.0022500000000000003 1 2.5e-08
0.0032500000000000003 0.00275 1 2.5e-08
0.0032500000000000003 0.0032500000000000003 1 2.5e-08
0.0032500000000000003 0.00375 1 2.5e-08
0.0032500000000000003 0.00425 1 2.5e-08
0.0032500000000000003 0.004750000000000001 1 2.5e-08
0.0032500000000000003 0.00525 1 2.5e-08
0.0032500000000000003 0.00575 1 2.5e-08
0.0032500000000000003 0.00625 1 2.5e-08
0.0032500000000000003 0.006750000000000001 1 2.5e-08
0.0032500000000000003 0.00725 1 2.5e-08
0.0032500000000000003 0.00775 1 2.5e-08
0.0032500000000000003 0.00825 1 2.5e-08
0.0032500000000000003 0.00875 1 2.5e-08
0.0032500000000000003 0.009250000000000001 1 2.5e-08
0.0032500000000000003 0.00975 1 2.5e-08
0.00375 0.00025 1 2.5e-08
0.00375 0.00075 1 2.5e-08
0.00375 0.00125 1 2.5e-08
0.00375 0.00175 1 2.5e-08
0.00375 0.0022500000000000003 1 2.5e-08
0.00375 0.00275 1 2.5e-08
0.00375 0.0032500000000000003 1 2.5e-08
0.00375 0.00375 1 2.5e-08
0.00375 0.00425 1 2.5e-08
0.00375 0.004750000000000001 1 2.5e-08
0.00375 0.00525 1 2.5e-08
0.00375 0.00575 1 2.5e-08
0.00375 0.00625 1 2.5e-08
0.00375 0.006750000000000001 1 2.5e-08
0.00375 0.00725 1 2.5e-08
0.00375 0.00775 1 2.5e-08
0.00375 0.00825 1 2.5e-08
0.00375 0.00875 1 2.5e-08
0.00375 0.009250000000000001 1 2.5e-08
0.00375 0.00975 1 2.5e-08
0.00425 0.00025 1 2.5e-08
0.00425 0.00075 1 2.5e-08
0.00425 0.00125 1 2.5e-08
0.00425 0.00175 1 2.5e-08
0.00425 0.0022500000000000003 1 2.5e-08
0.00425 0.00275 1 2.5e-08
0.00425 0.0032500000000000003 1 2.5e-08
0.00425 0.00375 1 2.5e-08
0.00425 0.00425 1 2.5e-08
0.00425 0.004750000000000001 1 2.5e-08
0.00425 0.00525 1 2.5e-08
0.00425 0.00575 1 2.5e-08
0.00425 0.00625 1 2.5e-08
0.00425 0.006750000000000001 1 2.5e-08
0.00425 0.00725 1 2.5e-08
0.00425 0.00775 1 2.5e-08
0.00425 0.00825 1 2.5e-08
0.00425 0.00875 1 2.5e-08
0.00425 0.009250000000000001 1 2.5e-08
0.00425 0.00975 1 2.5e-08
0.004750000000000001 0.00025 1 2.5e-08
0.004750000000000001 0.00075 1 2.5e-08
0.004750000000000001 0.00125 1 2.5e-08
0.004750000000000001 0.00175 1 2.5e-08
0.004750000000000001 0.0022500000000000003 1 2.5e-08
0.004750000000000001 0.00275 1 2.5e-08
0.004750000000000001 0.0032500000000000003 1 2.5e-08
0.004750000000000001 0.00375 1 2.5e-08
0.004750000000000001 0.00425 1 2.5e-08
0.004750000000000001 0.004750000000000001 1 2.5e-08
0.004750000000000001 0.00525 1 2.5e-08
0.004750000000000001 0.00575 1 2.5e-08
0.004750000000000001 0.00625 1 2.5e-08
0.004750000000000001 0.006750000000000001 1 2.5e-08
0.004750000000000001 0.00725 1 2.5e-08
0.004750000000000001 0.00775 1 2.5e-08
0.004750000000000001 0.00825 1 2.5e-08
0.004750000000000001 0.00875 1 2.5e-08
0.004750000000000001 0.009250000000000001 1 2.5e-08
0.004750000000000001 0.00975 1 2.5e-08
0.00525 0.00025 1 2.5e-08
0.00525 0.00075 1 2.5e-08
0.00525 0.00125 1 2.5e-08
0.00525 0.00175 1 2.5e-08
0.00525 0.0022500000000000003 1 2.5e-08
0.00525 0.00275 1 2.5e-08
0.00525 0.0032500000000000003 1 2.5e-08
0.00525 0.00375 1 2.5e-08
0.00525 0.00425 1 2.5e-08
0.00525 0.004750000000000001 1 2.5e-08
0.00525 0.00525 1 2.5e-08
0.00525 0.00575 1 2.5e-08
0.00525 0.00625 1 2.5e-08
0.00525 0.006750000000000001 1 2.5e-08
0.00525 0.00725 1 2.5e-08
0.00525 0.00775 1 2.5e-08
0.00525 0.00825 1 2.5e-08
0.00525 0.00875 1 2.5e-08
0.00525 0.009250000000000001 1 2.5e-08
0.00525 0.00975 1 2.5e-08
0.00575 0.00025 1 2.5e-08
0.00575 0.00075 1 2.5e-08
0.00575 0.00125 1 2.5e-08
0.00575 0.00175 1 2.5e-08
0.00575 0.0022500000000000003 1 2.5e-08
0.00575 0.00275 1 2.5e-08
0.00575 0.0032500000000000003 1 2.5e-08
0.00575 0.00375 1 2.5e-08
0.00575 0.00425 1 2.5e-08
0.00575 0.004750000000000001 1 2.5e-08
0.00575 0.00525 1 2.5e-08
0.00575 0.00575 1 2.5e-08
0.00575 0.00625 1 2.5e-08
0.00575 0.006750000000000001 1 2.5e-08
0.00575 0.00725 1 2.5e-08
0.00575 0.00775 1 2.5e-08
0.00575 0.00825 1 2.5e-08
0.00575 0.00875 1 2.5e-08
0.00575 0.009250000000000001 1 2.5e-08
0.00575 0.00975 1 2.5e-08
0.00625 0.00025 1 2.5e-08
0.00625 0.00075 1 2.5e-08
0.00625 0.00125 1 2.5e-08
0.00625 0.00175 1 2.5e-08
0.00625 0.0022500000000000003 1 2.5e-08
0.00625 0.00275 1 2.5e-08
0.00625 0.0032500000000000003 1 2.5e-08
0.00625 0.00375 1 2.5e-08
0.00625 0.00425 1 2.5e-08
0.00625 0.004750000000000001 1 2.5e-08
0.00625 0.00525 1 2.5e-08
0.00625 0.00575 1 2.5e-08
0.00625 0.00625 1 2.5e-08
0.00625 0.006750000000000001 1 2.5e-08
0.00625 0.00725 1 2.5e-08
0.00625 0.00775 1 2.5e-08
0.00625 0.00825 1 2.5e-08
0.00625 0.00875 1 2.5e-08
0.00625 0.009250000000000001 1 2.5e-08
0.00625 0.00975 1 2.5e-08
0.006750000000000001 0.00025 1 2.5e-08
0.006750000000000001 0.00075 1 2.5e-08
0.006750000000000001 0.00125 1 2.5e-08
0.006750000000000001 0.00175 1 2.5e-08
0.006750000000000001 0.0022500000000000003 1 2.5e-08
0.006750000000000001 0.00275 1 2.5e-08
0.006750000000000001 0.0032500000000000003 1 2.5e-08
0.006750000000000001 0.00375 1 2.5e-08
0.006750000000000001 0.00425 1 2.5e-08
0.006750000000000001 0.004750000000000001 1 2.5e-08
0.006750000000000001 0.00525 1 2.5e-08
0.006750000000000001 0.00575 1 2.5e-08
0.006750000000000001 0.00625 1 2.5e-08
0.006750000000000001 0.006750000000000001 1 2.5e-08
0.006750000000000001 0.00725 1 2.5e-08
0.006750000000000001 0.00775 1 2.5e-08
0.006750000000000001 0.00825 1 2.5e-08
0.006750000000000001 0.00875 1 2.5e-08
0.006750000000000001 0.009250000000000001 1 2.5e-08
0.006750000000000001 0.00975 1 2.5e-08
0.00725 0.00025 1 2.5e-08
0.00725 0.00075 1 2.5e-08
0.00725 0.00125 1 2.5e-08
0.00725 0.00175 1 2.5e-08
0.00725 0.0022500000000000003 1 2.5e-08
0.00725 0.00275 1 2.5e-08
0.00725 0.0032500000000000003 1 2.5e-08
0.00725 0.00375 1 2.5e-08
0.00725 0.00425 1 2.5e-08
0.00725 0.004750000000000001 1 2.5e-08
0.00725 0.00525 1 2.5e-08
0.00725 0.00575 1 2.5e-08
0.00725 0.00625 1 2.5e-08
0.00725 0.006750000000000001 1 2.5e-08
0.00725 0.00725 1 2.5e-08
0.00725 0.00775 1 2.5e-08
0.00725 0.00825 1 2.5e-08
0.00725 0.00875 1 2.5e-08
0.00725 0.009250000000000001 1 2.5e-08
0.00725 0.00975 1 2.5e-08
0.00775 0.00025 1 2.5e-08
0.00775 0.00075 1 2.5e-08
0.00775 0.00125 1 2.5e-08
0.00775 0.00175 1 2.5e-08
0.00775 0.0022500000000000003 1 2.5e-08
0.00775 0.00275 1 2.5e-08
0.00775 0.0032500000000000003 1 2.5e-08
0.00775 0.00375 1 2.5e-08
0.00775 0.00425 1 2.5e-08
0.00775 0.004750000000000001 1 2.5e-08
0.00775 0.00525 1 2.5e-08
0.00775 0.00575 1 2.5e-08
0.00775 0.00625 1 2.5e-08
0.00775 0.006750000000000001 1 2.5e-08
0.00775 0.00725 1 2.5e-08
0.00775 0.00775 1 2.5e-08
0.00775 0.00825 1 2.5e-08
0.00775 0.00875 1 2.5e-08
0.00775 0.009250000000000001 1 2.5e-08
0.00775 0.00975 1 2.5e-08
0.00825 0.00025 1 2.5e-08
0.00825 0.00075 1 2.5e-08
0.00825 0.00125 1 2.5e-08
0.00825 0.00175 1 2.5e-08
0.00825 0.0022500000000000003 1 2.5e-08
0.00825 0.00275 1 2.5e-08
0.00825 0.0032500000000000003 1 2.5e-08
0.00825 0.00375 1 2.5e-08
0.00825 0.00425 1 2.5e-08
0.00825 0.004750000000000001 1 2.5e-08
0.00825 0.00525 1 2.5e-08
0.00825 0.00575 1 2.5e-08
0.00825 0.00625 1 2.5e-08
0.00825 0.006750000000000001 1 2.5e-08
0.00825 0.00725 1 2.5e-08
0.00825 0.00775 1 2.5e-08
0.00825 0.00825 1 2.5e-08
0.00825 0.00875 1 2.5e-08
0.00825 0.009250000000000001 1 2.5e-08
0.00825 0.00975 1 2.5e-08
0.00875 0.00025 1 2.5e-08
0.00875 0.00075 1 2.5e-08
0.00875 0.00125 1 2.5e-08
0.00875 0.00175 1 2.5e-08
0.00875 0.0022500000000000003 1 2.5e-08
0.00875 0.00275 1 2.5e-08
0.00875 0.0032500000000000003 1 2.5e-08
0.00875 0.00375 1 2.5e-08
0.00875 0.00425 1 2.5e-08
0.00875 0.004750000000000001 1 2.5e-08
0.00875 0.00525 1 2.5e-08
0.00875 0.00575 1 2.5e-08
0.00875 0.00625 1 2.5e-08
0.00875 0.006750000000000001 1 2.5e-08
0.00875 0.00725 1 2.5e-08
0.00875 0.00775 1 2.5e-08
0.00875 0.00825 1 2.5e-08
0.00875 0.00875 1 2.5e-08
0.00875 0.009250000000000001 1 2.5e-08
0.00875 0.00975 1 2.5e-08
0.009250000000000001 0.00025 1 2.5e-08
0.009250000000000001 0.00075 1 2.5e-08
0.009250000000000001 0.00125 1 2.5e-08
0.009250000000000001 0.00175 1 2.5e-08
0.009250000000000001 0.0022500000000000003 1 2.5e-08
0.009250000000000001 0.00275 1 2.5e-08
0.009250000000000001 0.0032500000000000003 1 2.5e-08
0.009250000000000001 0.00375 1 2.5e-08
0.009250000000000001 0.00425 1 2.5e-08
0.009250000000000001 0.004750000000000001 1 2.5e-08
0.009250000000000001 0.00525 1 2.5e-08
0.009250000000000001 0.00575 1 2.5e-08
0.009250000000000001 0.00625 1 2.5e-08
0.009250000000000001 0.006750000000000001 1 2.5e-08
0.009250000000000001 0.00725 1 2.5e-08
0.009250000000000001 0.00775 1 2.5e-08
0.009250000000000001 0.00825 1 2.5e-08
0.009250000000000001 0.00875 1 2.5e-08
0.009250000000000001 0.009250000000000001 1 2.5e-08
0.009250000000000001 0.00975 1 2.5e-08
0.00975 0.00025 1 2.5e-08
0.00975 0.00075 1 2.5e-08
0.00975 0.00125 1 2.5e-08
0.00975 0.00175 1 2.5e-08
0.00975 0.0022500000000000003 1 2.5e-08
0.00975 0.00275 1 2.5e-08
0.00975 0.0032500000000000003 1 2.5e-08
0.00975 0.00375 1 2.5e-08
0.00975 0.00425 1 2.5e-08
0.00975 0.004750000000000001 1 2.5e-08
0.00975 0.00525 1 2.5e-08
0.00975 0.00575 1 2.5e-08
0.00975 0.00625 1 2.5e-08
0.00975 0.006750000000000001 1 2.5e-08
0.00975 0.00725 1 2.5e-08
0.00975 0.00775 1 2.5e-08
0.00975 0.00825 1 2.5e-08
0.00975 0.00875 1 2.5e-08
0.00975 0.009250000000000001 1 2.5e-08
0.00975 0.00975 1 2.5e-08
0.01025 0.00025 1 2.5e-08
0.01025 0.00075 1 2.5e-08
0.01025 0.00125 1 2.5e-08
0.01025 0.00175 1 2.5e-08
0.01025 0.0022500000000000003 1 2.5e-08
0.01025 0.00275 1 2.5e-08
0.01025 0.0032500000000000003 1 2.5e-08
0.01025 0.00375 1 2.5e-08
0.01025 0.00425 1 2.5e-08
0.01025 0.004750000000000001 1 2.5e-08
0.01025 0.00525 1 2.5e-08
0.01025 0.00575 1 2.5e-08
0.01025 0.00625 1 2.5e-08
0.01025 0.006750000000000001 1 2.5e-08
0.01025 0.00725 1 2.5e-08
0.01025 0.00775 1 2.5e-08
0.01025 0.00825 1 2.5e-08
0.01025 0.00875 1 2.5e-08
0.01025 0.009250000000000001 1 2.5e-08
0.01025 0.00975 1 2.5e-08
0.010750000000000001 0.00025 1 2.5e-08
0.010750000000000001 0.00075 1 2.5e-08
0.010750000000000001 0.00125 1 2.5e-08
0.010750000000000001 0.00175 1 2.5e-08
0.010750000000000001 0.0022500000000000003 1 2.5e-08
0.010750000000000001 0.00275 1 2.5e-08
0.010750000000000001 0.0032500000000000003 1 2.5e-08
0.010750000000000001 0.00375 1 2.5e-08
0.010750000000000001 0.00425 1 2.5e-08
0.010750000000000001 0.004750000000000001 1 2.5e-08
0.010750000000000001 0.00525 1 2.5e-08
0.010750000000000001 0.00575 1 2.5e-08
0.010750000000000001 0.00625 1 2.5e-08
0.010750000000000001 0.006750000000000001 1 2.5e-08
0.010750000000000001 0.00725 1 2.5e-08
0.010750000000000001 0.00775 1 2.5e-08
0.010750000000000001 0.00825 1 2.5e-08
0.010750000000000001 0.00875 1 2.5e-08
0.010750000000000001 0.009250000000000001 1 2.5e-08
0.010750000000000001 0.00975 1 2.5e-08
0.01125 0.00025 1 2.5e-08
0.01125 0.00075 1 2.5e-08
0.01125 0.00125 1 2.5e-08
0.01125 0.00175 1 2.5e-08
0.01125 0.0022500000000000003 1 2.5e-08
0.01125 0.00275 1 2.5e-08
0.01125 0.0032500000000000003 1 2.5e-08
0.01125 0.00375 1 2.5e-08
0.01125 0.00425 1 2.5e-08
0.01125 0.004750000000000001 1 2.5e-08
0.01125 0.00525 1 2.5e-08
0.01125 0.00575 1 2.5e-08
0.01125 0.00625 1 2.5e-08
0.01125 0.006750000000000001 1 2.5e-08
0.01125 0.00725 1 2.5e-08
0.01125 0.00775 1 2.5e-08
0.01125 0.00825 1 2.5e-08
0.01125 0.00875 1 2.5e-08
0.01125 0.009250000000000001 1 2.5e-08
0.01125 0.00975 1 2.5e-08
0.01175 0.00025 1 2.5e-08
0.01175 0.00075 1 2.5e-08
0.01175 0.00125 1 2.5e-08
0.01175 0.00175 1 2.5e-08
0.01175 0.0022500000000000003 1 2.5e-08
0.01175 0.00275 1 2.5e-08
0.01175 0.0032500000000000003 1 2.5e-08
0.01175 0.00375 1 2.5e-08
0.01175 0.00425 1 2.5e-08
0.01175 0.004750000000000001 1 2.5e-08
0.01175 0.00525 1 2.5e-08
0.01175 0.00575 1 2.5e-08
0.01175 0.00625 1 2.5e-08
0.01175 0.006750000000000001 1 2.5e-08
0.01175 0.00725 1 2.5e-08
0.01175 0.00775 1 2.5e-08
0.01175 0.00825 1 2.5e-08
0.01175 0.00875 1 2.5e-08
0.01175 0.009250000000000001 1 2.5e-08
0.01175 0.00975 1 2.5e-08
0.01225 0.00025 1 2.5e-08
0.01225 0.00075 1 2.5e-08
0.01225 0.00125 1 2.5e-08
0.01225 0.00175 1 2.5e-08
0.01225 0.0022500000000000003 1 2.5e-08
0.01225 0.00275 1 2.5e-08
0.01225 0.0032500000000000003 1 2.5e-08
0.01225 0.00375 1 2.5e-08
0.01225 0.00425 1 2.5e-08
0.01225 0.004750000000000001 1 2.5e-08
0.01225 0.00525 1 2.5e-08
0.01225 0.00575 1 2.5e-08
0.01225 0.00625 1 2.5e-08
0.01225 0.006750000000000001 1 2.5e-08
0.01225 0.00725 1 2.5e-08
0.01225 0.00775 1 2.5e-08
0.01225 0.00825 1 2.5e-08
0.01225 0.00875 1 2.5e-08
0.01225 0.009250000000000001 1 2.5e-08
0.01225 0.00975 1 2.5e-08
0.012750000000000001 0.00025 1 2.5e-08
0.012750000000000001 0.00075 1 2.5e-08
0.012750000000000001 0.00125 1 2.5e-08
0.012750000000000001 0.00175 1 2.5e-08
0.012750000000000001 0.0022500000000000003 1 2.5e-08
0.012750000000000001 0.00275 1 2.5e-08
0.012750000000000001 0.0032500000000000003 1 2.5e-08
0.012750000000000001 0.00375 1 2.5e-08
0.012750000000000001 0.00425 1 2.5e-08
0.012750000000000001 0.004750000000000001 1 2.5e-08
0.012750000000000001 0.00525 1 2.5e-08
0.012750000000000001 0.00575 1 2.5e-08
0.012750000000000001 0.00625 1 2.5e-08
0.012750000000000001 0.006750000000000001 1 2.5e-08
0.012750000000000001 0.00725 1 2.5e-08
0.012750000000000001 0.00775 1 2.5e-08
0.012750000000000001 0.00825 1 2.5e-08
0.012750000000000001 0.00875 1 2.5e-08
0.012750000000000001 0.009250000000000001 1 2.5e-08
0.012750000000000001 0.00975 1 2.5e-08
0.013250000000000001 0.00025 1 2.5e-08
0.013250000000000001 0.00075 1 2.5e-08
0.013250000000000001 0.00125 1 2.5e-08
0.013250000000000001 0.00175 1 2.5e-08
0.013250000000000001 0.0022500000000000003 1 2.5e-08
0.013250000000000001 0.00275 1 2.5e-08
0.013250000000000001 0.0032500000000000003 1 2.5e-08
0.013250000000000001 0.00375 1 2.5e-08
0.013250000000000001 0.00425 1 2.5e-08
0.013250000000000001 0.004750000000000001 1 2.5e-08
0.013250000000000001 0.00525 1 2.5e-08
0.013250000000000001 0.00575 1 2.5e-08
0.013250000000000001 0.00625 1 2.5e-08
0.013250000000000001 0.006750000000000001 1 2.5e-08
0.013250000000000001 0.00725 1 2.5e-08
0.013250000000000001 0.00775 1 2.5e-08
0.013250000000000001 0.00825 1 2.5e-08
0.013250000000000001 0.00875 1 2.5e-08
0.013250000000000001 0.009250000000000001 1 2.5e-08
0.013250000000000001 0.00975 1 2.5e-08
0.01375 0.00025 1 2.5e-08
0.01375 0.00075 1 2.5e-08
0.01375 0.00125 1 2.5e-08
0.01375 0.00175 1 2.5e-08
0.01375 0.0022500000000000003 1 2.5e-08
0.01375 0.00275 1 2.5e-08
0.01375 0.0032500000000000003 1 2.5e-08
0.01375 0.00375 1 2.5e-08
0.01375 0.00425 1 2.5e-08
0.01375 0.004750000000000001 1 2.5e-08
0.01375 0.00525 1 2.5e-08
0.01375 0.00575 1 2.5e-08
0.01375 0.00625 1 2.5e-08
0.01375 0.006750000000000001 1 2.5e-08
0.01375 0.00725 1 2.5e-08
0.01375 0.00775 1 2.5e-08
0.01375 0.00825 1 2.5e-08
0.01375 0.00875 1 2.5e-08
0.01375 0.009250000000000001 1 2.5e-08
0.01375 0.00975 1 2.5e-08
0.01425 0.00025 1 2.5e-08
0.01425 0.00075 1 2.5e-08
0.01425 0.00125 1 2.5e-08
0.01425 0.00175 1 2.5e-08
0.01425 0.0022500000000000003 1 2.5e-08
0.01425 0.00275 1 2.5e-08
0.01425 0.0032500000000000003 1 2.5e-08
0.01425 0.00375 1 2.5e-08
0.01425 0.00425 1 2.5e-08
0.01425 0.004750000000000001 1 2.5e-08
0.01425 0.00525 1 2.5e-08
0.01425 0.00575 1 2.5e-08
0.01425 0.00625 1 2.5e-08
0.01425 0.006750000000000001 1 2.5e-08
0.01425 0.00725 1 2.5e-08
0.01425 0.00775 1 2.5e-08
0.01425 0.00825 1 2.5e-08
0.01425 0.00875 1 2.5e-08
0.01425 0.009250000000000001 1 2.5e-08
0.01425 0.00975 1 2.5e-08
0.014750000000000001 0.00025 1 2.5e-08
0.014750000000000001 0.00075 1 2.5e-08
0.014750000000000001 0.00125 1 2.5e-08
0.014750000000000001 0.00175 1 2.5e-08
0.014750000000000001 0.0022500000000000003 1 2.5e-08
0.014750000000000001 0.00275 1 2.5e-08
0.014750000000000001 0.0032500000000000003 1 2.5e-08
0.014750000000000001 0.00375 1 2.5e-08
0.014750000000000001 0.00425 1 2.5e-08
0.014750000000000001 0.004750000000000001 1 2.5e-08
0.014750000000000001 0.00525 1 2.5e-08
0.014750000000000001 0.00575 1 2.5e-08
0.014750000000000001 0.00625 1 2.5e-08
0.014750000000000001 0.006750000000000001 1 2.5e-08
0.014750000000000001 0.00725 1 2.5e-08
0.014750000000000001 0.00775 1 2.5e-08
0.014750000000000001 0.00825 1 2.5e-08
0.014750000000000001 0.00875 1 2.5e-08
0.014750000000000001 0.009250000000000001 1 2.5e-08
0.014750000000000001 0.00975 1 2.5e-08
0.01525 0.00025 1 2.5e-08
0.01525 0.00075 1 2.5e-08
0.01525 0.00125 1 2.5e-08
0.01525 0.00175 1 2.5e-08
0.01525 0.0022500000000000003 1 2.5e-08
0.01525 0.00275 1 2.5e-08
0.01525 0.0032500000000000003 1 2.5e-08
0.01525 0.00375 1 2.5e-08
0.01525 0.00425 1 2.5e-08
0.01525 0.004750000000000001 1 2.5e-08
0.01525 0.00525 1 2.5e-08
0.01525 0.00575 1 2.5e-08
0.01525 0.00625 1 2.5e-08
0.01525 0.006750000000000001 1 2.5e-08
0.01525 0.00725 1 2.5e-08
0.01525 0.00775 1 2.5e-08
0.01525 0.00825 1 2.5e-08
0.01525 0.00875 1 2.5e-08
0.01525 0.009250000000000001 1 2.5e-08
0.01525 0.00975 1 2.5e-08
0.01575 0.00025 1 2.5e-08
0.01575 0.00075 1 2.5e-08
0.01575 0.00125 1 2.5e-08
0.01575 0.00175 1 2.5e-08
0.01575 0.0022500000000000003 1 2.5e-08
0.01575 0.00275 1 2.5e-08
0.01575 0.0032500000000000003 1 2.5e-08
0.01575 0.00375 1 2.5e-08
0.01575 0.00425 1 2.5e-08
0.01575 0.004750000000000001 1 2.5e-08
0.01575 0.00525 1 2.5e-08
0.01575 0.00575 1 2.5e-08
0.01575 0.00625 1 2.5e-08
0.01575 0.006750000000000001 1 2.5e-08
0.01575 0.00725 1 2.5e-08
0.01575 0.00775 1 2.5e-08
0.01575 0.00825 1 2.5e-08
0.01575 0.00875 1 2.5e-08
0.01575 0.009250000000000001 1 2.5e-08
0.01575 0.00975 1 2.5e-08
0.01625 0.00025 1 2.5e-08
0.01625 0.00075 1 2.5e-08
0.01625 0.00125 1 2.5e-08
0.01625 0.00175 1 2.5e-08
0.01625 0.0022500000000000003 1 2.5e-08
0.01625 0.00275 1 2.5e-08
0.01625 0.0032500000000000003 1 2.5e-08
0.01625 0.00375 1 2.5e-08
0.01625 0.00425 1 2.5e-08
0.01625 0.004750000000000001 1 2.5e-08
0.01625 0.00525 1 2.5e-08
0.01625 0.00575 1 2.5e-08
0.01625 0.00625 1 2.5e-08
0.01625 0.006750000000000001 1 2.5e-08
0.01625 0.00725 1 2.5e-08
0.01625 0.00775 1 2.5e-08
0.01625 0.00825 1 2.5e-08
0.01625 0.00875 1 2.5e-08
0.01625 0.009250000000000001 1 2.5e-08
0.01625 0.00975 1 2.5e-08
0.01675 0.00025 1 2.5e-08
0.01675 0.00075 1 2.5e-08
0.01675 0.00125 1 2.5e-08
0.01675 0.00175 1 2.5e-08
0.01675 0.0022500000000000003 1 2.5e-08
0.01675 0.00275 1 2.5e-08
0.01675 0.0032500000000000003 1 2.5e-08
0.01675 0.00375 1 2.5e-08
0.01675 0.00425 1 2.5e-08
0.01675 0.004750000000000001 1 2.5e-08
0.01675 0.00525 1 2.5e-08
0.01675 0.00575 1 2.5e-08
0.01675 0.00625 1 2.5e-08
0.01675 0.006750000000000001 1 2.5e-08
0.01675 0.00725 1 2.5e-08
0.01675 0.00775 1 2.5e-08
0.01675 0.00825 1 2.5e-08
0.01675 0.00875 1 2.5e-08
0.01675 0.009250000000000001 1 2.5e-08
0.01675 0.00975 1 2.5e-08
0.01725 0.00025 1 2.5e-08
0.01725 0.00075 1 2.5e-08
0.01725 0.00125 1 2.5e-08
0.01725 0.00175 1 2.5e-08
0.01725 0.0022500000000000003 1 2.5e-08
0.01725 0.00275 1 2.5e-08
0.01725 0.0032500000000000003 1 2.5e-08
0.01725 0.00375 1 2.5e-08
0.01725 0.00425 1 2.5e-08
0.01725 0.004750000000000001 1 2.5e-08
0.01725 0.00525 1 2.5e-08
0.01725 0.00575 1 2.5e-08
0.01725 0.00625 1 2.5e-08
0.01725 0.006750000000000001 1 2.5e-08
0.01725 0.00725 1 2.5e-08
0.01725 0.00775 1 2.5e-08
0.01725 0.00825 1 2.5e-08
0.01725 0.00875 1 2.5e-08
0.01725 0.009250000000000001 1 2.5e-08
0.01725 0.00975 1 2.5e-08
0.017750000000000002 0.00025 1 2.5e-08
0.017750000000000002 0.00075 1 2.5e-08
0.017750000000000002 0.00125 1 2.5e-08
0.017750000000000002 0.00175 1 2.5e-08
0.017750000000000002 0.0022500000000000003 1 2.5e-08
0.017750000000000002 0.00275 1 2.5e-08
0.017750000000000002 0.0032500000000000003 1 2.5e-08
0.017750000000000002 0.00375 1 2.5e-08
0.017750000000000002 0.00425 1 2.5e-08
0.017750000000000002 0.004750000000000001 1 2.5e-08
0.017750000000000002 0.00525 1 2.5e-08
0.017750000000000002 0.00575 1 2.5e-08
0.017750000000000002 0.00625 1 2.5e-08
0.017750000000000002 0.006750000000000001 1 2.5e-08
0.017750000000000002 0.00725 1 2.5e-08
0.017750000000000002 0.00775 1 2.5e-08
0.017750000000000002 0.00825 1 2.5e-08
0.017750000000000002 0.00875 1 2.5e-08
0.017750000000000002 0.009250000000000001 1 2.5e-08
0.017750000000000002 0.00975 1 2.5e-08
0.018250000000000002 0.00025 1 2.5e-08
0.018250000000000002 0.00075 1 2.5e-08
0.018250000000000002 0.00125 1 2.5e-08
0.018250000000000002 0.00175 1 2.5e-08
0.018250000000000002 0.0022500000000000003 1 2.5e-08
0.018250000000000002 0.00275 1 2.5e-08
0.018250000000000002 0.0032500000000000003 1 2.5e-08
0.018250000000000002 0.00375 1 2.5e-08
0.018250000000000002 0.00425 1 2.5e-08
0.018250000000000002 0.004750000000000001 1 2.5e-08
0.018250000000000002 0.00525 1 2.5e-08
0.018250000000000002 0.00575 1 2.5e-08
0.018250000000000002 0.00625 1 2.5e-08
0.018250000000000002 0.006750000000000001 1 2.5e-08
0.018250000000000002 0.00725 1 2.5e-08
0.018250000000000002 0.00775 1 2.5e-08
0.018250000000000002 0.00825 1 2.5e-08
0.018250000000000002 0.00875 1 2.5e-08
0.018250000000000002 0.009250000000000001 1 2.5e-08
0.018250000000000002 0.00975 1 2.5e-08
0.01875 0.00025 1 2.5e-08
0.01875 0.00075 1 2.5e-08
0.01875 0.00125 1 2.5e-08
0.01875 0.00175 1 2.5e-08
0.01875 0.0022500000000000003 1 2.5e-08
0.01875 0.00275 1 2.5e-08
0.01875 0.0032500000000000003 1 2.5e-08
0.01875 0.00375 1 2.5e-08
0.01875 0.00425 1 2.5e-08
0.01875 0.004750000000000001 1 2.5e-08
0.01875 0.00525 1 2.5e-08
0.01875 0.00575 1 2.5e-08
0.01875 0.00625 1 2.5e-08
0.01875 0.006750000000000001 1 2.5e-08
0.01875 0.00725 1 2.5e-08
0.01875 0.00775 1 2.5e-08
0.01875 0.00825 1 2.5e-08
0.01875 0.00875 1 2.5e-08
0.01875 0.009250000000000001 1 2.5e-08
0.01875 0.00975 1 2.5e-08
0.01925 0.00025 1 2.5e-08
0.01925 0.00075 1 2.5e-08
0.01925 0.00125 1 2.5e-08
0.01925 0.00175 1 2.5e-08
0.01925 0.0022500000000000003 1 2.5e-08
0.01925 0.00275 1 2.5e-08
0.01925 0.0032500000000000003 1 2.5e-08
0.01925 0.00375 1 2.5e-08
0.01925 0.00425 1 2.5e-08
0.01925 0.004750000000000001 1 2.5e-08
0.01925 0.00525 1 2.5e-08
0.01925 0.00575 1 2.5e-08
0.01925 0.00625 1 2.5e-08
0.01925 0.006750000000000001 1 2.5e-08
0.01925 0.00725 1 2.5e-08
0.01925 0.00775 1 2.5e-08
0.01925 0.00825 1 2.5e-08
0.01925 0.00875 1 2.5e-08
0.01925 0.009250000000000001 1 2.5e-08
0.01925 0.00975 1 2.5e-08
0.01975 0.00025 1 2.5e-08
0.01975 0.00075 1 2.5e-08
0.01975 0.00125 1 2.5e-08
0.01975 0.00175 1 2.5e-08
0.01975 0.0022500000000000003 1 2.5e-08
0.01975 0.00275 1 2.5e-08
0.01975 0.0032500000000000003 1 2.5e-08
0.01975 0.00375 1 2.5e-08
0.01975 0.00425 1 2.5e-08
0.01975 0.004750000000000001 1 2.5e-08
0.01975 0.00525 1 2.5e-08
0.01975 0.00575 1 2.5e-08
0.01975 0.00625 1 2.5e-08
0.01975 0.006750000000000001 1 2.5e-08
0.01975 0.00725 1 2.5e-08
0.01975 0.00775 1 2.5e-08
0.01975 0.00825 1 2.5e-08
0.01975 0.00875 1 2.5e-08
0.01975 0.009250000000000001 1 2.5e-08
0.01975 0.00975 1 2.5e-08