# SPDX-FileCopyrightText: 2023 Christian Willberg <christian.willberg@dlr.de>, Jan-Timo Hesse <jan-timo.hesse@dlr.de>
#
# SPDX-License-Identifier: BSD-3-Clause

header: global_id
1897
1898
1899
1900
1901
1933
1934
1935
1936
1937
1938
1939
1972
1973
1974
1975
1976
1977
1978
1979
1980
2014
2015
2016
2017
2018
2019
2020
2021
2022
2056
2057
2058
2059
2060
2061
2062
2063
2064
2097
2098
2099
2100
2101
2102
2103
2104
2105
2138
2139
2140
2141
2142
2143
2144
2145
2146
2177
2178
2179
2180
2181
2182
2183
2189
2190
2191
2192
2193
