# SPDX-FileCopyrightText: 2023 Christian Willberg <christian.willberg@dlr.de>, Jan-Timo Hesse <jan-timo.hesse@dlr.de>
#
# SPDX-License-Identifier: BSD-3-Clause

header: global_id
175
176
177
178
179
354
355
356
357
358
533
534
535
536
537
712
713
714
715
716
891
892
893
894
895
1070
1071
1072
1073
1074
1249
1250
1251
1252
1253
1428
1429
1430
1431
1432
1607
1608
1609
1610
1611
1786
1787
1788
1789
1790
1965
1966
1967
1968
1969
2144
2145
2146
2147
2148
2323
2324
2325
2326
2327
2502
2503
2504
2505
2506
2681
2682
2683
2684
2685
2860
2861
2862
2863
2864
3039
3040
3041
3042
3043
3218
3219
3220
3221
3222
3397
3398
3399
3400
3401
3576
3577
3578
3579
3580
3755
3756
3757
3758
3759
3934
3935
3936
3937
3938
4113
4114
4115
4116
4117
4292
4293
4294
4295
4296
4471
4472
4473
4474
4475
4650
4651
4652
4653
4654
4829
4830
4831
4832
4833
5008
5009
5010
5011
5012
5187
5188
5189
5190
5191
5366
5367
5368
5369
5370
5545
5546
5547
5548
5549
5724
5725
5726
5727
5728
5903
5904
5905
5906
5907
6082
6083
6084
6085
6086
6261
6262
6263
6264
6265
6440
6441
6442
6443
6444
6619
6620
6621
6622
6623
6798
6799
6800
6801
6802
6977
6978
6979
6980
6981
7156
7157
7158
7159
7160
7335
7336
7337
7338
7339
7514
7515
7516
7517
7518
7693
7694
7695
7696
7697
7872
7873
7874
7875
7876
8051
8052
8053
8054
8055
8230
8231
8232
8233
8234
8409
8410
8411
8412
8413
8588
8589
8590
8591
8592
8767
8768
8769
8770
8771
8946
8947
8948
8949
8950
9125
9126
9127
9128
9129
9304
9305
9306
9307
9308
9483
9484
9485
9486
9487
