# SPDX-FileCopyrightText: 2023 Christian Willberg <christian.willberg@dlr.de>, Jan-Timo Hesse <jan-timo.hesse@dlr.de>
#
# SPDX-License-Identifier: BSD-3-Clause

header: global_id
1
2
3
4
5
180
181
182
183
184
359
360
361
362
363
538
539
540
541
542
717
718
719
720
721
896
897
898
899
900
1075
1076
1077
1078
1079
1254
1255
1256
1257
1258
1433
1434
1435
1436
1437
1612
1613
1614
1615
1616
1791
1792
1793
1794
1795
1970
1971
1972
1973
1974
2149
2150
2151
2152
2153
2328
2329
2330
2331
2332
2507
2508
2509
2510
2511
2686
2687
2688
2689
2690
2865
2866
2867
2868
2869
3044
3045
3046
3047
3048
3223
3224
3225
3226
3227
3402
3403
3404
3405
3406
3581
3582
3583
3584
3585
3760
3761
3762
3763
3764
3939
3940
3941
3942
3943
4118
4119
4120
4121
4122
4297
4298
4299
4300
4301
4476
4477
4478
4479
4480
4655
4656
4657
4658
4659
4834
4835
4836
4837
4838
5013
5014
5015
5016
5017
5192
5193
5194
5195
5196
5371
5372
5373
5374
5375
5550
5551
5552
5553
5554
5729
5730
5731
5732
5733
5908
5909
5910
5911
5912
6087
6088
6089
6090
6091
6266
6267
6268
6269
6270
6445
6446
6447
6448
6449
6624
6625
6626
6627
6628
6803
6804
6805
6806
6807
6982
6983
6984
6985
6986
7161
7162
7163
7164
7165
7340
7341
7342
7343
7344
7519
7520
7521
7522
7523
7698
7699
7700
7701
7702
7877
7878
7879
7880
7881
8056
8057
8058
8059
8060
8235
8236
8237
8238
8239
8414
8415
8416
8417
8418
8593
8594
8595
8596
8597
8772
8773
8774
8775
8776
8951
8952
8953
8954
8955
9130
9131
9132
9133
9134
9309
9310
9311
9312
9313
