# SPDX-FileCopyrightText: 2023 Christian Willberg <christian.willberg@dlr.de>, Jan-Timo Hesse <jan-timo.hesse@dlr.de>
#
# SPDX-License-Identifier: BSD-3-Clause

header: x y block_id volume
11 246 1 100
11 236 1 100
11 226 1 100
11 216 1 100
11 206 1 100
11 196 1 100
11 186 1 100
11 176 1 100
11 166 1 100
11 156 1 100
11 146 1 100
11 136 1 100
11 126 1 100
11 116 1 100
11 106 1 100
11 96 1 100
11 86 1 100
11 76 1 100
11 66 1 100
11 56 1 100
21 456 1 100
21 446 1 100
21 436 1 100
21 426 1 100
21 416 1 100
21 406 1 100
21 396 1 100
21 386 1 100
21 376 1 100
21 366 1 100
21 356 1 100
21 346 1 100
21 336 1 100
21 326 1 100
21 316 1 100
21 306 1 100
21 296 1 100
21 286 1 100
21 276 1 100
21 266 1 100
21 256 1 100
21 246 1 100
21 236 1 100
21 226 1 100
21 216 1 100
21 206 1 100
21 196 1 100
21 186 1 100
21 176 1 100
21 166 1 100
21 156 1 100
21 146 1 100
21 136 1 100
21 126 1 100
21 116 1 100
21 106 1 100
21 96 1 100
21 86 1 100
21 76 1 100
21 66 1 100
21 56 1 100
21 46 1 100
31 486 1 100
31 476 1 100
31 466 1 100
31 456 1 100
31 446 1 100
31 436 1 100
31 426 1 100
31 416 1 100
31 406 1 100
31 396 1 100
31 386 1 100
31 376 1 100
31 366 1 100
31 356 1 100
31 346 1 100
31 336 1 100
31 326 1 100
31 316 1 100
31 306 1 100
31 296 1 100
31 286 1 100
31 276 1 100
31 266 1 100
31 256 1 100
31 246 1 100
31 236 1 100
31 226 1 100
31 216 1 100
31 206 1 100
31 196 1 100
31 186 1 100
31 176 1 100
31 166 1 100
31 156 1 100
31 146 1 100
31 136 1 100
31 126 1 100
31 116 1 100
31 106 1 100
31 96 1 100
31 86 1 100
31 76 1 100
31 66 1 100
31 56 1 100
31 46 1 100
31 36 1 100
41 496 1 100
41 486 1 100
41 476 1 100
41 466 1 100
41 456 1 100
41 446 1 100
41 436 1 100
41 426 1 100
41 416 1 100
41 406 1 100
41 396 1 100
41 386 1 100
41 376 1 100
41 366 1 100
41 356 1 100
41 346 1 100
41 336 1 100
41 326 1 100
41 316 1 100
41 306 1 100
41 296 1 100
41 286 1 100
41 276 1 100
41 266 1 100
41 256 1 100
41 246 1 100
41 236 1 100
41 226 1 100
41 216 1 100
41 206 1 100
41 196 1 100
41 186 1 100
41 176 1 100
41 166 1 100
41 156 1 100
41 146 1 100
41 136 1 100
41 126 1 100
41 116 1 100
41 106 1 100
41 96 1 100
41 86 1 100
41 76 1 100
41 66 1 100
41 56 1 100
41 46 1 100
41 36 1 100
51 506 1 100
51 496 1 100
51 486 1 100
51 476 1 100
51 466 1 100
51 456 1 100
51 446 1 100
51 436 1 100
51 426 1 100
51 416 1 100
51 406 1 100
51 396 1 100
51 386 1 100
51 376 1 100
51 366 1 100
51 356 1 100
51 346 1 100
51 336 1 100
51 326 1 100
51 316 1 100
51 306 1 100
51 296 1 100
51 286 1 100
51 276 1 100
51 266 1 100
51 256 1 100
51 246 1 100
51 236 1 100
51 226 1 100
51 216 1 100
51 206 1 100
51 196 1 100
51 186 1 100
51 176 1 100
51 166 1 100
51 156 1 100
51 146 1 100
51 136 1 100
51 126 1 100
51 116 1 100
51 106 1 100
51 96 1 100
51 86 1 100
51 76 1 100
51 66 1 100
51 56 1 100
51 46 1 100
51 36 1 100
61 506 1 100
61 496 1 100
61 486 1 100
61 476 1 100
61 466 1 100
61 456 1 100
61 446 1 100
61 436 1 100
61 426 1 100
61 416 1 100
61 406 1 100
61 396 1 100
61 386 1 100
61 376 1 100
61 366 1 100
61 356 1 100
61 346 1 100
61 336 1 100
61 326 1 100
61 316 1 100
61 306 1 100
61 296 1 100
61 286 1 100
61 276 1 100
61 266 1 100
61 256 1 100
61 246 1 100
61 236 1 100
61 226 1 100
61 216 1 100
61 206 1 100
61 196 1 100
61 186 1 100
61 176 1 100
61 166 1 100
61 156 1 100
61 146 1 100
61 136 1 100
61 126 1 100
61 116 1 100
61 106 1 100
61 96 1 100
61 86 1 100
61 76 1 100
61 66 1 100
61 56 1 100
61 46 1 100
61 36 1 100
71 506 1 100
71 496 1 100
71 486 1 100
71 476 1 100
71 466 1 100
71 456 1 100
71 446 1 100
71 436 1 100
71 426 1 100
71 416 1 100
71 406 1 100
71 396 1 100
71 386 1 100
71 376 1 100
71 366 1 100
71 356 1 100
71 346 1 100
71 336 1 100
71 326 1 100
71 316 1 100
71 306 1 100
71 296 1 100
71 286 1 100
71 276 1 100
71 266 1 100
71 256 1 100
71 246 1 100
71 236 1 100
71 226 1 100
71 216 1 100
71 206 1 100
71 196 1 100
71 186 1 100
71 176 1 100
71 166 1 100
71 156 1 100
71 146 1 100
71 136 1 100
71 126 1 100
71 116 1 100
71 106 1 100
71 96 1 100
71 86 1 100
71 76 1 100
71 66 1 100
71 56 1 100
71 46 1 100
71 36 1 100
81 506 1 100
81 496 1 100
81 486 1 100
81 476 1 100
81 466 1 100
81 456 1 100
81 446 1 100
81 436 1 100
81 426 1 100
81 416 1 100
81 406 1 100
81 396 1 100
81 386 1 100
81 376 1 100
81 366 1 100
81 356 1 100
81 346 1 100
81 336 1 100
81 326 1 100
81 316 1 100
81 306 1 100
81 296 1 100
81 286 1 100
81 276 1 100
81 266 1 100
81 256 1 100
81 246 1 100
81 236 1 100
81 226 1 100
81 216 1 100
81 206 1 100
81 196 1 100
81 186 1 100
81 176 1 100
81 166 1 100
81 156 1 100
81 146 1 100
81 136 1 100
81 126 1 100
81 116 1 100
81 106 1 100
81 96 1 100
81 86 1 100
81 76 1 100
81 66 1 100
81 56 1 100
81 46 1 100
91 506 1 100
91 496 1 100
91 486 1 100
91 476 1 100
91 466 1 100
91 456 1 100
91 446 1 100
91 436 1 100
91 426 1 100
91 416 1 100
91 406 1 100
91 396 1 100
91 386 1 100
91 376 1 100
91 366 1 100
91 356 1 100
91 346 1 100
91 336 1 100
91 326 1 100
91 316 1 100
91 306 1 100
91 296 1 100
91 286 1 100
91 276 1 100
91 266 1 100
91 256 1 100
91 246 1 100
91 236 1 100
91 226 1 100
91 216 1 100
91 206 1 100
101 506 1 100
101 496 1 100
101 486 1 100
101 476 1 100
101 466 1 100
101 456 1 100
101 446 1 100
101 436 1 100
101 426 1 100
101 276 1 100
101 266 1 100
101 256 1 100
101 246 1 100
101 236 1 100
101 226 1 100
101 216 1 100
101 206 1 100
111 506 1 100
111 496 1 100
111 486 1 100
111 476 1 100
111 466 1 100
111 456 1 100
111 446 1 100
111 436 1 100
111 276 1 100
111 266 1 100
111 256 1 100
111 246 1 100
111 236 1 100
111 226 1 100
111 216 1 100
111 206 1 100
121 506 1 100
121 496 1 100
121 486 1 100
121 476 1 100
121 466 1 100
121 456 1 100
121 446 1 100
121 436 1 100
121 276 1 100
121 266 1 100
121 256 1 100
121 246 1 100
121 236 1 100
121 226 1 100
121 216 1 100
121 206 1 100
131 506 1 100
131 496 1 100
131 486 1 100
131 476 1 100
131 466 1 100
131 456 1 100
131 446 1 100
131 436 1 100
131 276 1 100
131 266 1 100
131 256 1 100
131 246 1 100
131 236 1 100
131 226 1 100
131 216 1 100
131 206 1 100
141 506 1 100
141 496 1 100
141 486 1 100
141 476 1 100
141 466 1 100
141 456 1 100
141 446 1 100
141 436 1 100
141 276 1 100
141 266 1 100
141 256 1 100
141 246 1 100
141 236 1 100
141 226 1 100
141 216 1 100
141 206 1 100
151 506 1 100
151 496 1 100
151 486 1 100
151 476 1 100
151 466 1 100
151 456 1 100
151 446 1 100
151 436 1 100
151 286 1 100
151 276 1 100
151 266 1 100
151 256 1 100
151 246 1 100
151 236 1 100
151 226 1 100
151 216 1 100
161 506 1 100
161 496 1 100
161 486 1 100
161 476 1 100
161 466 1 100
161 456 1 100
161 446 1 100
161 436 1 100
161 286 1 100
161 276 1 100
161 266 1 100
161 256 1 100
161 246 1 100
161 236 1 100
161 226 1 100
161 216 1 100
171 506 1 100
171 496 1 100
171 486 1 100
171 476 1 100
171 466 1 100
171 456 1 100
171 446 1 100
171 436 1 100
171 286 1 100
171 276 1 100
171 266 1 100
171 256 1 100
171 246 1 100
171 236 1 100
171 226 1 100
171 216 1 100
181 506 1 100
181 496 1 100
181 486 1 100
181 476 1 100
181 466 1 100
181 456 1 100
181 446 1 100
181 436 1 100
181 426 1 100
181 296 1 100
181 286 1 100
181 276 1 100
181 266 1 100
181 256 1 100
181 246 1 100
181 236 1 100
181 226 1 100
181 216 1 100
191 496 1 100
191 486 1 100
191 476 1 100
191 466 1 100
191 456 1 100
191 446 1 100
191 436 1 100
191 426 1 100
191 296 1 100
191 286 1 100
191 276 1 100
191 266 1 100
191 256 1 100
191 246 1 100
191 236 1 100
191 226 1 100
191 216 1 100
201 496 1 100
201 486 1 100
201 476 1 100
201 466 1 100
201 456 1 100
201 446 1 100
201 436 1 100
201 426 1 100
201 416 1 100
201 306 1 100
201 296 1 100
201 286 1 100
201 276 1 100
201 266 1 100
201 256 1 100
201 246 1 100
201 236 1 100
201 226 1 100
211 496 1 100
211 486 1 100
211 476 1 100
211 466 1 100
211 456 1 100
211 446 1 100
211 436 1 100
211 426 1 100
211 416 1 100
211 406 1 100
211 316 1 100
211 306 1 100
211 296 1 100
211 286 1 100
211 276 1 100
211 266 1 100
211 256 1 100
211 246 1 100
211 236 1 100
211 226 1 100
221 486 1 100
221 476 1 100
221 466 1 100
221 456 1 100
221 446 1 100
221 436 1 100
221 426 1 100
221 416 1 100
221 406 1 100
221 396 1 100
221 336 1 100
221 326 1 100
221 316 1 100
221 306 1 100
221 296 1 100
221 286 1 100
221 276 1 100
221 266 1 100
221 256 1 100
221 246 1 100
221 236 1 100
231 486 1 100
231 476 1 100
231 466 1 100
231 456 1 100
231 446 1 100
231 436 1 100
231 426 1 100
231 416 1 100
231 406 1 100
231 396 1 100
231 386 1 100
231 376 1 100
231 366 1 100
231 356 1 100
231 346 1 100
231 336 1 100
231 326 1 100
231 316 1 100
231 306 1 100
231 296 1 100
231 286 1 100
231 276 1 100
231 266 1 100
231 256 1 100
231 246 1 100
231 236 1 100
241 476 1 100
241 466 1 100
241 456 1 100
241 446 1 100
241 436 1 100
241 426 1 100
241 416 1 100
241 406 1 100
241 396 1 100
241 386 1 100
241 376 1 100
241 366 1 100
241 356 1 100
241 346 1 100
241 336 1 100
241 326 1 100
241 316 1 100
241 306 1 100
241 296 1 100
241 286 1 100
241 276 1 100
241 266 1 100
241 256 1 100
241 246 1 100
251 466 1 100
251 456 1 100
251 446 1 100
251 436 1 100
251 426 1 100
251 416 1 100
251 406 1 100
251 396 1 100
251 386 1 100
251 376 1 100
251 366 1 100
251 356 1 100
251 346 1 100
251 336 1 100
251 326 1 100
251 316 1 100
251 306 1 100
251 296 1 100
251 286 1 100
251 276 1 100
251 266 1 100
251 256 1 100
261 456 1 100
261 446 1 100
261 436 1 100
261 426 1 100
261 416 1 100
261 406 1 100
261 396 1 100
261 386 1 100
261 376 1 100
261 366 1 100
261 356 1 100
261 346 1 100
261 336 1 100
261 326 1 100
261 316 1 100
261 306 1 100
261 296 1 100
261 286 1 100
261 276 1 100
261 266 1 100
271 446 1 100
271 436 1 100
271 426 1 100
271 416 1 100
271 406 1 100
271 396 1 100
271 386 1 100
271 376 1 100
271 366 1 100
271 356 1 100
271 346 1 100
271 336 1 100
271 326 1 100
271 316 1 100
271 306 1 100
271 296 1 100
271 286 1 100
271 276 1 100
281 436 1 100
281 426 1 100
281 416 1 100
281 406 1 100
281 396 1 100
281 386 1 100
281 376 1 100
281 366 1 100
281 356 1 100
281 346 1 100
281 336 1 100
281 326 1 100
281 316 1 100
281 306 1 100
281 296 1 100
281 286 1 100
291 426 1 100
291 416 1 100
291 406 1 100
291 396 1 100
291 386 1 100
291 376 1 100
291 366 1 100
291 356 1 100
291 346 1 100
291 336 1 100
291 326 1 100
291 316 1 100
291 306 1 100
291 296 1 100
301 406 1 100
301 396 1 100
301 386 1 100
301 376 1 100
301 366 1 100
301 356 1 100
301 346 1 100
301 336 1 100
301 326 1 100
341 216 1 100
341 206 1 100
341 196 1 100
341 186 1 100
341 176 1 100
341 166 1 100
341 156 1 100
341 146 1 100
341 136 1 100
341 126 1 100
351 246 1 100
351 236 1 100
351 226 1 100
351 216 1 100
351 206 1 100
351 196 1 100
351 186 1 100
351 176 1 100
351 166 1 100
351 156 1 100
351 146 1 100
351 136 1 100
351 126 1 100
351 116 1 100
351 106 1 100
351 96 1 100
361 266 1 100
361 256 1 100
361 246 1 100
361 236 1 100
361 226 1 100
361 216 1 100
361 206 1 100
361 196 1 100
361 186 1 100
361 176 1 100
361 166 1 100
361 156 1 100
361 146 1 100
361 136 1 100
361 126 1 100
361 116 1 100
361 106 1 100
361 96 1 100
361 86 1 100
371 286 1 100
371 276 1 100
371 266 1 100
371 256 1 100
371 246 1 100
371 236 1 100
371 226 1 100
371 216 1 100
371 206 1 100
371 196 1 100
371 186 1 100
371 176 1 100
371 166 1 100
371 156 1 100
371 146 1 100
371 136 1 100
371 126 1 100
371 116 1 100
371 106 1 100
371 96 1 100
371 86 1 100
371 76 1 100
381 296 1 100
381 286 1 100
381 276 1 100
381 266 1 100
381 256 1 100
381 246 1 100
381 236 1 100
381 226 1 100
381 216 1 100
381 206 1 100
381 196 1 100
381 186 1 100
381 176 1 100
381 166 1 100
381 156 1 100
381 146 1 100
381 136 1 100
381 126 1 100
381 116 1 100
381 106 1 100
381 96 1 100
381 86 1 100
381 76 1 100
381 66 1 100
391 306 1 100
391 296 1 100
391 286 1 100
391 276 1 100
391 266 1 100
391 256 1 100
391 246 1 100
391 236 1 100
391 226 1 100
391 216 1 100
391 206 1 100
391 196 1 100
391 186 1 100
391 176 1 100
391 166 1 100
391 156 1 100
391 146 1 100
391 136 1 100
391 126 1 100
391 116 1 100
391 106 1 100
391 96 1 100
391 86 1 100
391 76 1 100
391 66 1 100
391 56 1 100
401 316 1 100
401 306 1 100
401 296 1 100
401 286 1 100
401 276 1 100
401 266 1 100
401 256 1 100
401 246 1 100
401 236 1 100
401 226 1 100
401 216 1 100
401 206 1 100
401 196 1 100
401 186 1 100
401 176 1 100
401 166 1 100
401 156 1 100
401 146 1 100
401 136 1 100
401 126 1 100
401 116 1 100
401 106 1 100
401 96 1 100
401 86 1 100
401 76 1 100
401 66 1 100
401 56 1 100
401 46 1 100
411 326 1 100
411 316 1 100
411 306 1 100
411 296 1 100
411 286 1 100
411 276 1 100
411 266 1 100
411 256 1 100
411 246 1 100
411 236 1 100
411 226 1 100
411 216 1 100
411 206 1 100
411 196 1 100
411 186 1 100
411 176 1 100
411 166 1 100
411 156 1 100
411 146 1 100
411 136 1 100
411 126 1 100
411 116 1 100
411 106 1 100
411 96 1 100
411 86 1 100
411 76 1 100
411 66 1 100
411 56 1 100
411 46 1 100
421 326 1 100
421 316 1 100
421 306 1 100
421 296 1 100
421 286 1 100
421 276 1 100
421 266 1 100
421 256 1 100
421 246 1 100
421 236 1 100
421 226 1 100
421 216 1 100
421 196 1 100
421 186 1 100
421 176 1 100
421 166 1 100
421 156 1 100
421 146 1 100
421 136 1 100
421 126 1 100
421 116 1 100
421 106 1 100
421 96 1 100
421 86 1 100
421 76 1 100
421 66 1 100
421 56 1 100
421 46 1 100
421 36 1 100
431 336 1 100
431 326 1 100
431 316 1 100
431 306 1 100
431 296 1 100
431 286 1 100
431 276 1 100
431 266 1 100
431 256 1 100
431 246 1 100
431 236 1 100
431 206 1 100
431 196 1 100
431 186 1 100
431 176 1 100
431 166 1 100
431 156 1 100
431 146 1 100
431 136 1 100
431 116 1 100
431 106 1 100
431 96 1 100
431 86 1 100
431 76 1 100
431 66 1 100
431 56 1 100
431 46 1 100
431 36 1 100
441 336 1 100
441 326 1 100
441 316 1 100
441 306 1 100
441 296 1 100
441 286 1 100
441 276 1 100
441 266 1 100
441 256 1 100
441 206 1 100
441 196 1 100
441 186 1 100
441 176 1 100
441 166 1 100
441 156 1 100
441 146 1 100
441 136 1 100
441 106 1 100
441 96 1 100
441 86 1 100
441 76 1 100
441 66 1 100
441 56 1 100
441 46 1 100
441 36 1 100
451 346 1 100
451 336 1 100
451 326 1 100
451 316 1 100
451 306 1 100
451 296 1 100
451 286 1 100
451 276 1 100
451 266 1 100
451 216 1 100
451 206 1 100
451 196 1 100
451 186 1 100
451 176 1 100
451 166 1 100
451 156 1 100
451 146 1 100
451 106 1 100
451 96 1 100
451 86 1 100
451 76 1 100
451 66 1 100
451 56 1 100
451 46 1 100
451 36 1 100
451 26 1 100
461 346 1 100
461 336 1 100
461 326 1 100
461 316 1 100
461 306 1 100
461 296 1 100
461 286 1 100
461 276 1 100
461 216 1 100
461 206 1 100
461 196 1 100
461 186 1 100
461 176 1 100
461 166 1 100
461 156 1 100
461 146 1 100
461 96 1 100
461 86 1 100
461 76 1 100
461 66 1 100
461 56 1 100
461 46 1 100
461 36 1 100
461 26 1 100
471 346 1 100
471 336 1 100
471 326 1 100
471 316 1 100
471 306 1 100
471 296 1 100
471 286 1 100
471 276 1 100
471 226 1 100
471 216 1 100
471 206 1 100
471 196 1 100
471 186 1 100
471 176 1 100
471 166 1 100
471 156 1 100
471 96 1 100
471 86 1 100
471 76 1 100
471 66 1 100
471 56 1 100
471 46 1 100
471 36 1 100
471 26 1 100
481 346 1 100
481 336 1 100
481 326 1 100
481 316 1 100
481 306 1 100
481 296 1 100
481 286 1 100
481 226 1 100
481 216 1 100
481 206 1 100
481 196 1 100
481 186 1 100
481 176 1 100
481 166 1 100
481 156 1 100
481 96 1 100
481 86 1 100
481 76 1 100
481 66 1 100
481 56 1 100
481 46 1 100
481 36 1 100
481 26 1 100
491 346 1 100
491 336 1 100
491 326 1 100
491 316 1 100
491 306 1 100
491 296 1 100
491 286 1 100
491 226 1 100
491 216 1 100
491 206 1 100
491 196 1 100
491 186 1 100
491 176 1 100
491 166 1 100
491 156 1 100
491 86 1 100
491 76 1 100
491 66 1 100
491 56 1 100
491 46 1 100
491 36 1 100
491 26 1 100
501 346 1 100
501 336 1 100
501 326 1 100
501 316 1 100
501 306 1 100
501 296 1 100
501 286 1 100
501 236 1 100
501 226 1 100
501 216 1 100
501 206 1 100
501 196 1 100
501 186 1 100
501 176 1 100
501 166 1 100
501 86 1 100
501 76 1 100
501 66 1 100
501 56 1 100
501 46 1 100
501 36 1 100
501 26 1 100
511 346 1 100
511 336 1 100
511 326 1 100
511 316 1 100
511 306 1 100
511 296 1 100
511 286 1 100
511 236 1 100
511 226 1 100
511 216 1 100
511 206 1 100
511 196 1 100
511 186 1 100
511 176 1 100
511 166 1 100
511 86 1 100
511 76 1 100
511 66 1 100
511 56 1 100
511 46 1 100
511 36 1 100
511 26 1 100
521 346 1 100
521 336 1 100
521 326 1 100
521 316 1 100
521 306 1 100
521 296 1 100
521 286 1 100
521 246 1 100
521 236 1 100
521 226 1 100
521 216 1 100
521 206 1 100
521 196 1 100
521 186 1 100
521 176 1 100
521 86 1 100
521 76 1 100
521 66 1 100
521 56 1 100
521 46 1 100
521 36 1 100
521 26 1 100
531 346 1 100
531 336 1 100
531 326 1 100
531 316 1 100
531 306 1 100
531 296 1 100
531 286 1 100
531 276 1 100
531 246 1 100
531 236 1 100
531 226 1 100
531 216 1 100
531 206 1 100
531 196 1 100
531 186 1 100
531 176 1 100
531 96 1 100
531 86 1 100
531 76 1 100
531 66 1 100
531 56 1 100
531 46 1 100
531 36 1 100
531 26 1 100
541 346 1 100
541 336 1 100
541 326 1 100
541 316 1 100
541 306 1 100
541 296 1 100
541 286 1 100
541 276 1 100
541 256 1 100
541 246 1 100
541 236 1 100
541 226 1 100
541 216 1 100
541 206 1 100
541 196 1 100
541 186 1 100
541 96 1 100
541 86 1 100
541 76 1 100
541 66 1 100
541 56 1 100
541 46 1 100
541 36 1 100
541 26 1 100
551 346 1 100
551 336 1 100
551 326 1 100
551 316 1 100
551 306 1 100
551 296 1 100
551 286 1 100
551 276 1 100
551 266 1 100
551 256 1 100
551 246 1 100
551 236 1 100
551 226 1 100
551 216 1 100
551 206 1 100
551 196 1 100
551 186 1 100
551 96 1 100
551 86 1 100
551 76 1 100
551 66 1 100
551 56 1 100
551 46 1 100
551 36 1 100
551 26 1 100
561 336 1 100
561 326 1 100
561 316 1 100
561 306 1 100
561 296 1 100
561 286 1 100
561 276 1 100
561 266 1 100
561 256 1 100
561 246 1 100
561 236 1 100
561 226 1 100
561 216 1 100
561 206 1 100
561 196 1 100
561 96 1 100
561 86 1 100
561 76 1 100
561 66 1 100
561 56 1 100
561 46 1 100
561 36 1 100
571 336 1 100
571 326 1 100
571 316 1 100
571 306 1 100
571 296 1 100
571 286 1 100
571 276 1 100
571 266 1 100
571 256 1 100
571 246 1 100
571 236 1 100
571 226 1 100
571 216 1 100
571 206 1 100
571 196 1 100
571 106 1 100
571 96 1 100
571 86 1 100
571 76 1 100
571 66 1 100
571 56 1 100
571 46 1 100
571 36 1 100
581 336 1 100
581 326 1 100
581 316 1 100
581 306 1 100
581 296 1 100
581 286 1 100
581 276 1 100
581 266 1 100
581 256 1 100
581 246 1 100
581 236 1 100
581 226 1 100
581 216 1 100
581 206 1 100
581 106 1 100
581 96 1 100
581 86 1 100
581 76 1 100
581 66 1 100
581 56 1 100
581 46 1 100
581 36 1 100
591 326 1 100
591 316 1 100
591 306 1 100
591 296 1 100
591 286 1 100
591 276 1 100
591 266 1 100
591 256 1 100
591 246 1 100
591 236 1 100
591 226 1 100
591 216 1 100
591 206 1 100
591 116 1 100
591 106 1 100
591 96 1 100
591 86 1 100
591 76 1 100
591 66 1 100
591 56 1 100
591 46 1 100
601 326 1 100
601 316 1 100
601 306 1 100
601 296 1 100
601 286 1 100
601 276 1 100
601 266 1 100
601 256 1 100
601 246 1 100
601 236 1 100
601 226 1 100
601 216 1 100
601 116 1 100
601 106 1 100
601 96 1 100
601 86 1 100
601 76 1 100
601 66 1 100
601 56 1 100
601 46 1 100
611 316 1 100
611 306 1 100
611 296 1 100
611 286 1 100
611 276 1 100
611 266 1 100
611 256 1 100
611 246 1 100
611 236 1 100
611 226 1 100
611 126 1 100
611 116 1 100
611 106 1 100
611 96 1 100
611 86 1 100
611 76 1 100
611 66 1 100
611 56 1 100
611 46 1 100
621 306 1 100
621 296 1 100
621 286 1 100
621 276 1 100
621 266 1 100
621 256 1 100
621 246 1 100
621 236 1 100
621 126 1 100
621 116 1 100
621 106 1 100
621 96 1 100
621 86 1 100
621 76 1 100
621 66 1 100
621 56 1 100
631 276 1 100
631 266 1 100
631 256 1 100
631 116 1 100
631 106 1 100
631 96 1 100
631 86 1 100
631 76 1 100
631 66 1 100
641 116 1 100
641 106 1 100
641 96 1 100
641 86 1 100
641 76 1 100
701 326 1 100
701 316 1 100
701 306 1 100
701 296 1 100
701 286 1 100
701 276 1 100
701 266 1 100
701 256 1 100
701 246 1 100
701 236 1 100
701 226 1 100
701 216 1 100
701 206 1 100
701 196 1 100
701 186 1 100
701 176 1 100
701 166 1 100
701 156 1 100
701 146 1 100
701 136 1 100
701 126 1 100
701 116 1 100
701 106 1 100
701 96 1 100
701 86 1 100
701 76 1 100
701 66 1 100
701 56 1 100
701 46 1 100
701 36 1 100
711 336 1 100
711 326 1 100
711 316 1 100
711 306 1 100
711 296 1 100
711 286 1 100
711 276 1 100
711 266 1 100
711 256 1 100
711 246 1 100
711 236 1 100
711 226 1 100
711 216 1 100
711 206 1 100
711 196 1 100
711 186 1 100
711 176 1 100
711 166 1 100
711 156 1 100
711 146 1 100
711 136 1 100
711 126 1 100
711 116 1 100
711 106 1 100
711 96 1 100
711 86 1 100
711 76 1 100
711 66 1 100
711 56 1 100
711 46 1 100
711 36 1 100
711 26 1 100
721 346 1 100
721 336 1 100
721 326 1 100
721 316 1 100
721 306 1 100
721 296 1 100
721 286 1 100
721 276 1 100
721 266 1 100
721 256 1 100
721 246 1 100
721 236 1 100
721 226 1 100
721 216 1 100
721 206 1 100
721 196 1 100
721 186 1 100
721 176 1 100
721 166 1 100
721 156 1 100
721 146 1 100
721 136 1 100
721 126 1 100
721 116 1 100
721 106 1 100
721 96 1 100
721 86 1 100
721 76 1 100
721 66 1 100
721 56 1 100
721 46 1 100
721 36 1 100
721 26 1 100
721 16 1 100
731 346 1 100
731 336 1 100
731 326 1 100
731 316 1 100
731 306 1 100
731 296 1 100
731 286 1 100
731 276 1 100
731 266 1 100
731 256 1 100
731 246 1 100
731 236 1 100
731 226 1 100
731 216 1 100
731 206 1 100
731 196 1 100
731 186 1 100
731 176 1 100
731 166 1 100
731 156 1 100
731 146 1 100
731 136 1 100
731 126 1 100
731 116 1 100
731 106 1 100
731 96 1 100
731 86 1 100
731 76 1 100
731 66 1 100
731 56 1 100
731 46 1 100
731 36 1 100
731 26 1 100
731 16 1 100
741 346 1 100
741 336 1 100
741 326 1 100
741 316 1 100
741 306 1 100
741 296 1 100
741 286 1 100
741 276 1 100
741 266 1 100
741 256 1 100
741 246 1 100
741 236 1 100
741 226 1 100
741 216 1 100
741 206 1 100
741 196 1 100
741 186 1 100
741 176 1 100
741 166 1 100
741 156 1 100
741 146 1 100
741 136 1 100
741 126 1 100
741 116 1 100
741 106 1 100
741 96 1 100
741 86 1 100
741 76 1 100
741 66 1 100
741 56 1 100
741 46 1 100
741 36 1 100
741 26 1 100
741 16 1 100
751 346 1 100
751 336 1 100
751 326 1 100
751 316 1 100
751 306 1 100
751 296 1 100
751 286 1 100
751 276 1 100
751 266 1 100
751 256 1 100
751 246 1 100
751 236 1 100
751 226 1 100
751 216 1 100
751 206 1 100
751 196 1 100
751 186 1 100
751 176 1 100
751 166 1 100
751 156 1 100
751 146 1 100
751 136 1 100
751 126 1 100
751 116 1 100
751 106 1 100
751 96 1 100
751 86 1 100
751 76 1 100
751 66 1 100
751 56 1 100
751 46 1 100
751 36 1 100
751 26 1 100
761 336 1 100
761 326 1 100
761 316 1 100
761 306 1 100
761 296 1 100
761 286 1 100
761 276 1 100
761 266 1 100
761 256 1 100
761 246 1 100
761 236 1 100
761 226 1 100
761 216 1 100
761 206 1 100
761 196 1 100
761 186 1 100
761 176 1 100
761 166 1 100
761 156 1 100
761 146 1 100
761 136 1 100
761 126 1 100
761 116 1 100
761 106 1 100
761 96 1 100
761 86 1 100
761 76 1 100
761 66 1 100
761 56 1 100
761 46 1 100
761 36 1 100
761 26 1 100
771 326 1 100
771 316 1 100
771 306 1 100
771 296 1 100
771 286 1 100
771 276 1 100
771 266 1 100
771 256 1 100
771 246 1 100
771 236 1 100
771 226 1 100
771 216 1 100
771 206 1 100
771 196 1 100
771 186 1 100
771 176 1 100
771 166 1 100
771 156 1 100
771 146 1 100
771 136 1 100
771 126 1 100
771 116 1 100
771 106 1 100
771 96 1 100
771 86 1 100
771 76 1 100
771 66 1 100
771 56 1 100
771 46 1 100
771 36 1 100
781 316 1 100
781 306 1 100
781 296 1 100
781 286 1 100
781 276 1 100
781 266 1 100
781 256 1 100
781 246 1 100
781 236 1 100
781 226 1 100
781 216 1 100
791 316 1 100
791 306 1 100
791 296 1 100
791 286 1 100
791 276 1 100
791 266 1 100
791 256 1 100
791 246 1 100
791 236 1 100
801 326 1 100
801 316 1 100
801 306 1 100
801 296 1 100
801 286 1 100
801 276 1 100
801 266 1 100
801 256 1 100
801 246 1 100
811 336 1 100
811 326 1 100
811 316 1 100
811 306 1 100
811 296 1 100
811 286 1 100
811 276 1 100
811 266 1 100
811 256 1 100
821 336 1 100
821 326 1 100
821 316 1 100
821 306 1 100
821 296 1 100
821 286 1 100
821 276 1 100
821 266 1 100
831 336 1 100
831 326 1 100
831 316 1 100
831 306 1 100
831 296 1 100
831 286 1 100
831 276 1 100
831 266 1 100
841 346 1 100
841 336 1 100
841 326 1 100
841 316 1 100
841 306 1 100
841 296 1 100
841 286 1 100
841 276 1 100
851 346 1 100
851 336 1 100
851 326 1 100
851 316 1 100
851 306 1 100
851 296 1 100
851 286 1 100
851 276 1 100
861 346 1 100
861 336 1 100
861 326 1 100
861 316 1 100
861 306 1 100
861 296 1 100
861 286 1 100
861 276 1 100
871 346 1 100
871 336 1 100
871 326 1 100
871 316 1 100
871 306 1 100
871 296 1 100
871 286 1 100
881 346 1 100
881 336 1 100
881 326 1 100
881 316 1 100
881 306 1 100
881 296 1 100
881 286 1 100
881 276 1 100
881 266 1 100
881 256 1 100
881 246 1 100
881 236 1 100
881 226 1 100
891 346 1 100
891 336 1 100
891 326 1 100
891 316 1 100
891 306 1 100
891 296 1 100
891 286 1 100
891 276 1 100
891 266 1 100
891 256 1 100
891 246 1 100
891 236 1 100
891 226 1 100
891 216 1 100
901 346 1 100
901 336 1 100
901 326 1 100
901 316 1 100
901 306 1 100
901 296 1 100
901 286 1 100
901 276 1 100
901 266 1 100
901 256 1 100
901 246 1 100
901 236 1 100
901 226 1 100
901 216 1 100
911 346 1 100
911 336 1 100
911 326 1 100
911 316 1 100
911 306 1 100
911 296 1 100
911 286 1 100
911 276 1 100
911 266 1 100
911 256 1 100
911 246 1 100
911 236 1 100
911 226 1 100
911 216 1 100
921 346 1 100
921 336 1 100
921 326 1 100
921 316 1 100
921 306 1 100
921 296 1 100
921 286 1 100
921 276 1 100
921 266 1 100
921 256 1 100
921 246 1 100
921 236 1 100
921 226 1 100
921 216 1 100
931 336 1 100
931 326 1 100
931 316 1 100
931 306 1 100
931 296 1 100
931 286 1 100
931 276 1 100
931 266 1 100
931 256 1 100
931 246 1 100
931 236 1 100
931 226 1 100
931 216 1 100
941 326 1 100
941 316 1 100
941 306 1 100
941 296 1 100
941 286 1 100
941 276 1 100
941 266 1 100
941 256 1 100
941 246 1 100
941 236 1 100
941 226 1 100
941 216 1 100
951 316 1 100
951 306 1 100
951 296 1 100
951 286 1 100
951 276 1 100
951 266 1 100
951 256 1 100
951 246 1 100
951 236 1 100
1021 326 1 100
1021 316 1 100
1021 306 1 100
1021 296 1 100
1021 286 1 100
1021 276 1 100
1021 266 1 100
1021 256 1 100
1021 246 1 100
1021 236 1 100
1021 226 1 100
1021 216 1 100
1021 206 1 100
1021 196 1 100
1021 186 1 100
1021 176 1 100
1021 166 1 100
1021 156 1 100
1021 146 1 100
1021 136 1 100
1021 126 1 100
1021 116 1 100
1021 106 1 100
1021 96 1 100
1021 86 1 100
1021 76 1 100
1021 66 1 100
1021 56 1 100
1021 46 1 100
1031 466 2 100
1031 456 2 100
1031 446 2 100
1031 436 2 100
1031 426 2 100
1031 336 1 100
1031 326 1 100
1031 316 1 100
1031 306 1 100
1031 296 1 100
1031 286 1 100
1031 276 1 100
1031 266 1 100
1031 256 1 100
1031 246 1 100
1031 236 1 100
1031 226 1 100
1031 216 1 100
1031 206 1 100
1031 196 1 100
1031 186 1 100
1031 176 1 100
1031 166 1 100
1031 156 1 100
1031 146 1 100
1031 136 1 100
1031 126 1 100
1031 116 1 100
1031 106 1 100
1031 96 1 100
1031 86 1 100
1031 76 1 100
1031 66 1 100
1031 56 1 100
1031 46 1 100
1031 36 1 100
1041 476 2 100
1041 466 2 100
1041 456 2 100
1041 446 2 100
1041 436 2 100
1041 426 2 100
1041 416 2 100
1041 346 1 100
1041 336 1 100
1041 326 1 100
1041 316 1 100
1041 306 1 100
1041 296 1 100
1041 286 1 100
1041 276 1 100
1041 266 1 100
1041 256 1 100
1041 246 1 100
1041 236 1 100
1041 226 1 100
1041 216 1 100
1041 206 1 100
1041 196 1 100
1041 186 1 100
1041 176 1 100
1041 166 1 100
1041 156 1 100
1041 146 1 100
1041 136 1 100
1041 126 1 100
1041 116 1 100
1041 106 1 100
1041 96 1 100
1041 86 1 100
1041 76 1 100
1041 66 1 100
1041 56 1 100
1041 46 1 100
1041 36 1 100
1051 486 2 100
1051 476 2 100
1051 466 2 100
1051 456 2 100
1051 446 2 100
1051 436 2 100
1051 426 2 100
1051 416 2 100
1051 406 2 100
1051 346 1 100
1051 336 1 100
1051 326 1 100
1051 316 1 100
1051 306 1 100
1051 296 1 100
1051 286 1 100
1051 276 1 100
1051 266 1 100
1051 256 1 100
1051 246 1 100
1051 236 1 100
1051 226 1 100
1051 216 1 100
1051 206 1 100
1051 196 1 100
1051 186 1 100
1051 176 1 100
1051 166 1 100
1051 156 1 100
1051 146 1 100
1051 136 1 100
1051 126 1 100
1051 116 1 100
1051 106 1 100
1051 96 1 100
1051 86 1 100
1051 76 1 100
1051 66 1 100
1051 56 1 100
1051 46 1 100
1051 36 1 100
1051 26 1 100
1061 486 2 100
1061 476 2 100
1061 466 2 100
1061 456 2 100
1061 446 2 100
1061 436 2 100
1061 426 2 100
1061 416 2 100
1061 406 2 100
1061 346 1 100
1061 336 1 100
1061 326 1 100
1061 316 1 100
1061 306 1 100
1061 296 1 100
1061 286 1 100
1061 276 1 100
1061 266 1 100
1061 256 1 100
1061 246 1 100
1061 236 1 100
1061 226 1 100
1061 216 1 100
1061 206 1 100
1061 196 1 100
1061 186 1 100
1061 176 1 100
1061 166 1 100
1061 156 1 100
1061 146 1 100
1061 136 1 100
1061 126 1 100
1061 116 1 100
1061 106 1 100
1061 96 1 100
1061 86 1 100
1061 76 1 100
1061 66 1 100
1061 56 1 100
1061 46 1 100
1061 36 1 100
1061 26 1 100
1071 486 2 100
1071 476 2 100
1071 466 2 100
1071 456 2 100
1071 446 2 100
1071 436 2 100
1071 426 2 100
1071 416 2 100
1071 406 2 100
1071 346 1 100
1071 336 1 100
1071 326 1 100
1071 316 1 100
1071 306 1 100
1071 296 1 100
1071 286 1 100
1071 276 1 100
1071 266 1 100
1071 256 1 100
1071 246 1 100
1071 236 1 100
1071 226 1 100
1071 216 1 100
1071 206 1 100
1071 196 1 100
1071 186 1 100
1071 176 1 100
1071 166 1 100
1071 156 1 100
1071 146 1 100
1071 136 1 100
1071 126 1 100
1071 116 1 100
1071 106 1 100
1071 96 1 100
1071 86 1 100
1071 76 1 100
1071 66 1 100
1071 56 1 100
1071 46 1 100
1071 36 1 100
1081 486 2 100
1081 476 2 100
1081 466 2 100
1081 456 2 100
1081 446 2 100
1081 436 2 100
1081 426 2 100
1081 416 2 100
1081 406 2 100
1081 346 1 100
1081 336 1 100
1081 326 1 100
1081 316 1 100
1081 306 1 100
1081 296 1 100
1081 286 1 100
1081 276 1 100
1081 266 1 100
1081 256 1 100
1081 246 1 100
1081 236 1 100
1081 226 1 100
1081 216 1 100
1081 206 1 100
1081 196 1 100
1081 186 1 100
1081 176 1 100
1081 166 1 100
1081 156 1 100
1081 146 1 100
1081 136 1 100
1081 126 1 100
1081 116 1 100
1081 106 1 100
1081 96 1 100
1081 86 1 100
1081 76 1 100
1081 66 1 100
1081 56 1 100
1081 46 1 100
1081 36 1 100
1091 486 2 100
1091 476 2 100
1091 466 2 100
1091 456 2 100
1091 446 2 100
1091 436 2 100
1091 426 2 100
1091 416 2 100
1091 406 2 100
1091 336 1 100
1091 326 1 100
1091 316 1 100
1091 306 1 100
1091 296 1 100
1091 286 1 100
1091 276 1 100
1091 266 1 100
1091 256 1 100
1091 246 1 100
1091 236 1 100
1091 226 1 100
1091 216 1 100
1091 206 1 100
1091 196 1 100
1091 186 1 100
1091 176 1 100
1091 166 1 100
1091 156 1 100
1091 146 1 100
1091 136 1 100
1091 126 1 100
1091 116 1 100
1091 106 1 100
1091 96 1 100
1091 86 1 100
1091 76 1 100
1091 66 1 100
1091 56 1 100
1091 46 1 100
1101 476 2 100
1101 466 2 100
1101 456 2 100
1101 446 2 100
1101 436 2 100
1101 426 2 100
1101 416 2 100
1101 316 1 100
1101 306 1 100
1101 296 1 100
1101 286 1 100
1101 276 1 100
1111 466 2 100
1111 456 2 100
1111 446 2 100
1111 436 2 100
1111 426 2 100
1171 216 1 100
1171 206 1 100
1171 196 1 100
1171 186 1 100
1171 176 1 100
1171 166 1 100
1171 156 1 100
1171 146 1 100
1171 136 1 100
1171 126 1 100
1171 116 1 100
1171 106 1 100
1171 96 1 100
1171 86 1 100
1171 76 1 100
1171 66 1 100
1171 56 1 100
1171 46 1 100
1171 36 1 100
1181 476 1 100
1181 466 1 100
1181 456 1 100
1181 446 1 100
1181 436 1 100
1181 426 1 100
1181 416 1 100
1181 406 1 100
1181 396 1 100
1181 386 1 100
1181 376 1 100
1181 366 1 100
1181 356 1 100
1181 346 1 100
1181 336 1 100
1181 326 1 100
1181 316 1 100
1181 306 1 100
1181 296 1 100
1181 286 1 100
1181 276 1 100
1181 266 1 100
1181 256 1 100
1181 246 1 100
1181 236 1 100
1181 226 1 100
1181 216 1 100
1181 206 1 100
1181 196 1 100
1181 186 1 100
1181 176 1 100
1181 166 1 100
1181 156 1 100
1181 146 1 100
1181 136 1 100
1181 126 1 100
1181 116 1 100
1181 106 1 100
1181 96 1 100
1181 86 1 100
1181 76 1 100
1181 66 1 100
1181 56 1 100
1181 46 1 100
1181 36 1 100
1181 26 1 100
1191 486 1 100
1191 476 1 100
1191 466 1 100
1191 456 1 100
1191 446 1 100
1191 436 1 100
1191 426 1 100
1191 416 1 100
1191 406 1 100
1191 396 1 100
1191 386 1 100
1191 376 1 100
1191 366 1 100
1191 356 1 100
1191 346 1 100
1191 336 1 100
1191 326 1 100
1191 316 1 100
1191 306 1 100
1191 296 1 100
1191 286 1 100
1191 276 1 100
1191 266 1 100
1191 256 1 100
1191 246 1 100
1191 236 1 100
1191 226 1 100
1191 216 1 100
1191 206 1 100
1191 196 1 100
1191 186 1 100
1191 176 1 100
1191 166 1 100
1191 156 1 100
1191 146 1 100
1191 136 1 100
1191 126 1 100
1191 116 1 100
1191 106 1 100
1191 96 1 100
1191 86 1 100
1191 76 1 100
1191 66 1 100
1191 56 1 100
1191 46 1 100
1191 36 1 100
1191 26 1 100
1191 16 1 100
1201 496 1 100
1201 486 1 100
1201 476 1 100
1201 466 1 100
1201 456 1 100
1201 446 1 100
1201 436 1 100
1201 426 1 100
1201 416 1 100
1201 406 1 100
1201 396 1 100
1201 386 1 100
1201 376 1 100
1201 366 1 100
1201 356 1 100
1201 346 1 100
1201 336 1 100
1201 326 1 100
1201 316 1 100
1201 306 1 100
1201 296 1 100
1201 286 1 100
1201 276 1 100
1201 266 1 100
1201 256 1 100
1201 246 1 100
1201 236 1 100
1201 226 1 100
1201 216 1 100
1201 206 1 100
1201 196 1 100
1201 186 1 100
1201 176 1 100
1201 166 1 100
1201 156 1 100
1201 146 1 100
1201 136 1 100
1201 126 1 100
1201 116 1 100
1201 106 1 100
1201 96 1 100
1201 86 1 100
1201 76 1 100
1201 66 1 100
1201 56 1 100
1201 46 1 100
1201 36 1 100
1201 26 1 100
1201 16 1 100
1211 496 1 100
1211 486 1 100
1211 476 1 100
1211 466 1 100
1211 456 1 100
1211 446 1 100
1211 436 1 100
1211 426 1 100
1211 416 1 100
1211 406 1 100
1211 396 1 100
1211 386 1 100
1211 376 1 100
1211 366 1 100
1211 356 1 100
1211 346 1 100
1211 336 1 100
1211 326 1 100
1211 316 1 100
1211 306 1 100
1211 296 1 100
1211 286 1 100
1211 276 1 100
1211 266 1 100
1211 256 1 100
1211 246 1 100
1211 236 1 100
1211 226 1 100
1211 216 1 100
1211 206 1 100
1211 196 1 100
1211 186 1 100
1211 176 1 100
1211 166 1 100
1211 156 1 100
1211 146 1 100
1211 136 1 100
1211 126 1 100
1211 116 1 100
1211 106 1 100
1211 96 1 100
1211 86 1 100
1211 76 1 100
1211 66 1 100
1211 56 1 100
1211 46 1 100
1211 36 1 100
1211 26 1 100
1211 16 1 100
1221 496 1 100
1221 486 1 100
1221 476 1 100
1221 466 1 100
1221 456 1 100
1221 446 1 100
1221 436 1 100
1221 426 1 100
1221 416 1 100
1221 406 1 100
1221 396 1 100
1221 386 1 100
1221 376 1 100
1221 366 1 100
1221 356 1 100
1221 346 1 100
1221 336 1 100
1221 326 1 100
1221 316 1 100
1221 306 1 100
1221 296 1 100
1221 286 1 100
1221 276 1 100
1221 266 1 100
1221 256 1 100
1221 246 1 100
1221 236 1 100
1221 226 1 100
1221 216 1 100
1221 206 1 100
1221 196 1 100
1221 186 1 100
1221 176 1 100
1221 166 1 100
1221 156 1 100
1221 146 1 100
1221 136 1 100
1221 126 1 100
1221 116 1 100
1221 106 1 100
1221 96 1 100
1221 86 1 100
1221 76 1 100
1221 66 1 100
1221 56 1 100
1221 46 1 100
1221 36 1 100
1221 26 1 100
1221 16 1 100
1231 496 1 100
1231 486 1 100
1231 476 1 100
1231 466 1 100
1231 456 1 100
1231 446 1 100
1231 436 1 100
1231 426 1 100
1231 416 1 100
1231 406 1 100
1231 396 1 100
1231 386 1 100
1231 376 1 100
1231 366 1 100
1231 356 1 100
1231 346 1 100
1231 336 1 100
1231 326 1 100
1231 316 1 100
1231 306 1 100
1231 296 1 100
1231 286 1 100
1231 276 1 100
1231 266 1 100
1231 256 1 100
1231 246 1 100
1231 236 1 100
1231 226 1 100
1231 216 1 100
1231 206 1 100
1231 196 1 100
1231 186 1 100
1231 176 1 100
1231 166 1 100
1231 156 1 100
1231 146 1 100
1231 136 1 100
1231 126 1 100
1231 116 1 100
1231 106 1 100
1231 96 1 100
1231 86 1 100
1231 76 1 100
1231 66 1 100
1231 56 1 100
1231 46 1 100
1231 36 1 100
1231 26 1 100
1231 16 1 100
1231 6 1 100
1241 496 1 100
1241 486 1 100
1241 476 1 100
1241 466 1 100
1241 456 1 100
1241 446 1 100
1241 436 1 100
1241 426 1 100
1241 416 1 100
1241 406 1 100
1241 396 1 100
1241 386 1 100
1241 376 1 100
1241 366 1 100
1241 356 1 100
1241 346 1 100
1241 336 1 100
1241 326 1 100
1241 316 1 100
1241 306 1 100
1241 296 1 100
1241 286 1 100
1241 276 1 100
1241 266 1 100
1241 256 1 100
1241 246 1 100
1241 236 1 100
1241 226 1 100
1241 216 1 100
1241 206 1 100
1241 196 1 100
1241 186 1 100
1241 176 1 100
1241 166 1 100
1241 156 1 100
1241 146 1 100
1241 136 1 100
1241 126 1 100
1241 116 1 100
1241 106 1 100
1241 96 1 100
1241 86 1 100
1241 76 1 100
1241 66 1 100
1241 56 1 100
1241 46 1 100
1241 36 1 100
1241 26 1 100
1241 16 1 100
1241 6 1 100
1251 486 1 100
1251 476 1 100
1251 466 1 100
1251 456 1 100
1251 446 1 100
1251 436 1 100
1251 426 1 100
1251 416 1 100
1251 406 1 100
1251 396 1 100
1251 386 1 100
1251 376 1 100
1251 366 1 100
1251 356 1 100
1251 346 1 100
1251 336 1 100
1251 326 1 100
1251 316 1 100
1251 306 1 100
1251 296 1 100
1251 286 1 100
1251 276 1 100
1251 266 1 100
1251 256 1 100
1251 246 1 100
1251 236 1 100
1251 226 1 100
1251 216 1 100
1251 206 1 100
1251 196 1 100
1251 186 1 100
1251 176 1 100
1251 166 1 100
1251 156 1 100
1251 146 1 100
1251 136 1 100
1251 86 1 100
1251 76 1 100
1251 66 1 100
1251 56 1 100
1251 46 1 100
1251 36 1 100
1251 26 1 100
1251 16 1 100
1261 466 1 100
1261 456 1 100
1261 446 1 100
1261 436 1 100
1261 426 1 100
1261 416 1 100
1261 406 1 100
1261 396 1 100
1261 386 1 100
1261 376 1 100
1261 366 1 100
1261 356 1 100
1261 346 1 100
1261 86 1 100
1261 76 1 100
1261 66 1 100
1261 56 1 100
1261 46 1 100
1261 36 1 100
1261 26 1 100
1261 16 1 100
1271 86 1 100
1271 76 1 100
1271 66 1 100
1271 56 1 100
1271 46 1 100
1271 36 1 100
1271 26 1 100
1271 16 1 100
1281 86 1 100
1281 76 1 100
1281 66 1 100
1281 56 1 100
1281 46 1 100
1281 36 1 100
1281 26 1 100
1281 16 1 100
1291 86 1 100
1291 76 1 100
1291 66 1 100
1291 56 1 100
1291 46 1 100
1291 36 1 100
1291 26 1 100
1291 16 1 100
1301 86 1 100
1301 76 1 100
1301 66 1 100
1301 56 1 100
1301 46 1 100
1301 36 1 100
1301 26 1 100
1301 16 1 100
1311 86 1 100
1311 76 1 100
1311 66 1 100
1311 56 1 100
1311 46 1 100
1311 36 1 100
1311 26 1 100
1311 16 1 100
1321 96 1 100
1321 86 1 100
1321 76 1 100
1321 66 1 100
1321 56 1 100
1321 46 1 100
1321 36 1 100
1321 26 1 100
1321 16 1 100
1331 96 1 100
1331 86 1 100
1331 76 1 100
1331 66 1 100
1331 56 1 100
1331 46 1 100
1331 36 1 100
1331 26 1 100
1331 16 1 100
1341 96 1 100
1341 86 1 100
1341 76 1 100
1341 66 1 100
1341 56 1 100
1341 46 1 100
1341 36 1 100
1341 26 1 100
1341 16 1 100
1351 96 1 100
1351 86 1 100
1351 76 1 100
1351 66 1 100
1351 56 1 100
1351 46 1 100
1351 36 1 100
1351 26 1 100
1361 96 1 100
1361 86 1 100
1361 76 1 100
1361 66 1 100
1361 56 1 100
1361 46 1 100
1361 36 1 100
1361 26 1 100
1371 106 1 100
1371 96 1 100
1371 86 1 100
1371 76 1 100
1371 66 1 100
1371 56 1 100
1371 46 1 100
1371 36 1 100
1371 26 1 100
1381 106 1 100
1381 96 1 100
1381 86 1 100
1381 76 1 100
1381 66 1 100
1381 56 1 100
1381 46 1 100
1381 36 1 100
1381 26 1 100
1391 106 1 100
1391 96 1 100
1391 86 1 100
1391 76 1 100
1391 66 1 100
1391 56 1 100
1391 46 1 100
1391 36 1 100
1391 26 1 100
1401 106 1 100
1401 96 1 100
1401 86 1 100
1401 76 1 100
1401 66 1 100
1401 56 1 100
1401 46 1 100
1401 36 1 100
1411 116 1 100
1411 106 1 100
1411 96 1 100
1411 86 1 100
1411 76 1 100
1411 66 1 100
1411 56 1 100
1411 46 1 100
1411 36 1 100
1421 116 1 100
1421 106 1 100
1421 96 1 100
1421 86 1 100
1421 76 1 100
1421 66 1 100
1421 56 1 100
1421 46 1 100
1421 36 1 100
1431 116 1 100
1431 106 1 100
1431 96 1 100
1431 86 1 100
1431 76 1 100
1431 66 1 100
1431 56 1 100
1431 46 1 100
1431 36 1 100
1441 126 1 100
1441 116 1 100
1441 106 1 100
1441 96 1 100
1441 86 1 100
1441 76 1 100
1441 66 1 100
1441 56 1 100
1441 46 1 100
1451 126 1 100
1451 116 1 100
1451 106 1 100
1451 96 1 100
1451 86 1 100
1451 76 1 100
1451 66 1 100
1451 56 1 100
1451 46 1 100
1461 116 1 100
1461 106 1 100
1461 96 1 100
1461 86 1 100
1461 76 1 100
1461 66 1 100
1461 56 1 100
1461 46 1 100
1471 116 1 100
1471 106 1 100
1471 96 1 100
1471 86 1 100
1471 76 1 100
1471 66 1 100
1471 56 1 100
1481 106 1 100
1481 96 1 100
1481 86 1 100
1481 76 1 100
1481 66 1 100
1511 216 1 100
1511 206 1 100
1511 196 1 100
1511 186 1 100
1511 176 1 100
1511 166 1 100
1511 156 1 100
1511 146 1 100
1511 136 1 100
1511 126 1 100
1511 116 1 100
1521 246 1 100
1521 236 1 100
1521 226 1 100
1521 216 1 100
1521 206 1 100
1521 196 1 100
1521 186 1 100
1521 176 1 100
1521 166 1 100
1521 156 1 100
1521 146 1 100
1521 136 1 100
1521 126 1 100
1521 116 1 100
1521 106 1 100
1521 96 1 100
1531 266 1 100
1531 256 1 100
1531 246 1 100
1531 236 1 100
1531 226 1 100
1531 216 1 100
1531 206 1 100
1531 196 1 100
1531 186 1 100
1531 176 1 100
1531 166 1 100
1531 156 1 100
1531 146 1 100
1531 136 1 100
1531 126 1 100
1531 116 1 100
1531 106 1 100
1531 96 1 100
1531 86 1 100
1531 76 1 100
1541 276 1 100
1541 266 1 100
1541 256 1 100
1541 246 1 100
1541 236 1 100
1541 226 1 100
1541 216 1 100
1541 206 1 100
1541 196 1 100
1541 186 1 100
1541 176 1 100
1541 166 1 100
1541 156 1 100
1541 146 1 100
1541 136 1 100
1541 126 1 100
1541 116 1 100
1541 106 1 100
1541 96 1 100
1541 86 1 100
1541 76 1 100
1541 66 1 100
1551 286 1 100
1551 276 1 100
1551 266 1 100
1551 256 1 100
1551 246 1 100
1551 236 1 100
1551 226 1 100
1551 216 1 100
1551 206 1 100
1551 196 1 100
1551 186 1 100
1551 176 1 100
1551 166 1 100
1551 156 1 100
1551 146 1 100
1551 136 1 100
1551 126 1 100
1551 116 1 100
1551 106 1 100
1551 96 1 100
1551 86 1 100
1551 76 1 100
1551 66 1 100
1551 56 1 100
1561 296 1 100
1561 286 1 100
1561 276 1 100
1561 266 1 100
1561 256 1 100
1561 246 1 100
1561 236 1 100
1561 226 1 100
1561 216 1 100
1561 206 1 100
1561 196 1 100
1561 186 1 100
1561 176 1 100
1561 166 1 100
1561 156 1 100
1561 146 1 100
1561 136 1 100
1561 126 1 100
1561 116 1 100
1561 106 1 100
1561 96 1 100
1561 86 1 100
1561 76 1 100
1561 66 1 100
1561 56 1 100
1561 46 1 100
1571 306 1 100
1571 296 1 100
1571 286 1 100
1571 276 1 100
1571 266 1 100
1571 256 1 100
1571 246 1 100
1571 236 1 100
1571 226 1 100
1571 216 1 100
1571 206 1 100
1571 196 1 100
1571 186 1 100
1571 176 1 100
1571 166 1 100
1571 156 1 100
1571 146 1 100
1571 136 1 100
1571 126 1 100
1571 116 1 100
1571 106 1 100
1571 96 1 100
1571 86 1 100
1571 76 1 100
1571 66 1 100
1571 56 1 100
1571 46 1 100
1571 36 1 100
1581 316 1 100
1581 306 1 100
1581 296 1 100
1581 286 1 100
1581 276 1 100
1581 266 1 100
1581 256 1 100
1581 246 1 100
1581 236 1 100
1581 226 1 100
1581 216 1 100
1581 206 1 100
1581 196 1 100
1581 186 1 100
1581 176 1 100
1581 166 1 100
1581 156 1 100
1581 146 1 100
1581 136 1 100
1581 126 1 100
1581 116 1 100
1581 106 1 100
1581 96 1 100
1581 86 1 100
1581 76 1 100
1581 66 1 100
1581 56 1 100
1581 46 1 100
1581 36 1 100
1591 316 1 100
1591 306 1 100
1591 296 1 100
1591 286 1 100
1591 276 1 100
1591 266 1 100
1591 256 1 100
1591 246 1 100
1591 236 1 100
1591 226 1 100
1591 216 1 100
1591 206 1 100
1591 196 1 100
1591 146 1 100
1591 136 1 100
1591 126 1 100
1591 116 1 100
1591 106 1 100
1591 96 1 100
1591 86 1 100
1591 76 1 100
1591 66 1 100
1591 56 1 100
1591 46 1 100
1591 36 1 100
1591 26 1 100
1601 326 1 100
1601 316 1 100
1601 306 1 100
1601 296 1 100
1601 286 1 100
1601 276 1 100
1601 266 1 100
1601 256 1 100
1601 246 1 100
1601 236 1 100
1601 226 1 100
1601 106 1 100
1601 96 1 100
1601 86 1 100
1601 76 1 100
1601 66 1 100
1601 56 1 100
1601 46 1 100
1601 36 1 100
1601 26 1 100
1611 336 1 100
1611 326 1 100
1611 316 1 100
1611 306 1 100
1611 296 1 100
1611 286 1 100
1611 276 1 100
1611 266 1 100
1611 256 1 100
1611 246 1 100
1611 236 1 100
1611 96 1 100
1611 86 1 100
1611 76 1 100
1611 66 1 100
1611 56 1 100
1611 46 1 100
1611 36 1 100
1611 26 1 100
1621 336 1 100
1621 326 1 100
1621 316 1 100
1621 306 1 100
1621 296 1 100
1621 286 1 100
1621 276 1 100
1621 266 1 100
1621 256 1 100
1621 96 1 100
1621 86 1 100
1621 76 1 100
1621 66 1 100
1621 56 1 100
1621 46 1 100
1621 36 1 100
1621 26 1 100
1631 336 1 100
1631 326 1 100
1631 316 1 100
1631 306 1 100
1631 296 1 100
1631 286 1 100
1631 276 1 100
1631 266 1 100
1631 86 1 100
1631 76 1 100
1631 66 1 100
1631 56 1 100
1631 46 1 100
1631 36 1 100
1631 26 1 100
1641 346 1 100
1641 336 1 100
1641 326 1 100
1641 316 1 100
1641 306 1 100
1641 296 1 100
1641 286 1 100
1641 276 1 100
1641 266 1 100
1641 86 1 100
1641 76 1 100
1641 66 1 100
1641 56 1 100
1641 46 1 100
1641 36 1 100
1641 26 1 100
1651 346 1 100
1651 336 1 100
1651 326 1 100
1651 316 1 100
1651 306 1 100
1651 296 1 100
1651 286 1 100
1651 276 1 100
1651 86 1 100
1651 76 1 100
1651 66 1 100
1651 56 1 100
1651 46 1 100
1651 36 1 100
1651 26 1 100
1661 346 1 100
1661 336 1 100
1661 326 1 100
1661 316 1 100
1661 306 1 100
1661 296 1 100
1661 286 1 100
1661 276 1 100
1661 86 1 100
1661 76 1 100
1661 66 1 100
1661 56 1 100
1661 46 1 100
1661 36 1 100
1661 26 1 100
1671 346 1 100
1671 336 1 100
1671 326 1 100
1671 316 1 100
1671 306 1 100
1671 296 1 100
1671 286 1 100
1671 86 1 100
1671 76 1 100
1671 66 1 100
1671 56 1 100
1671 46 1 100
1671 36 1 100
1671 26 1 100
1681 346 1 100
1681 336 1 100
1681 326 1 100
1681 316 1 100
1681 306 1 100
1681 296 1 100
1681 286 1 100
1681 96 1 100
1681 86 1 100
1681 76 1 100
1681 66 1 100
1681 56 1 100
1681 46 1 100
1681 36 1 100
1681 26 1 100
1691 346 1 100
1691 336 1 100
1691 326 1 100
1691 316 1 100
1691 306 1 100
1691 296 1 100
1691 286 1 100
1691 96 1 100
1691 86 1 100
1691 76 1 100
1691 66 1 100
1691 56 1 100
1691 46 1 100
1691 36 1 100
1691 26 1 100
1701 346 1 100
1701 336 1 100
1701 326 1 100
1701 316 1 100
1701 306 1 100
1701 296 1 100
1701 286 1 100
1701 96 1 100
1701 86 1 100
1701 76 1 100
1701 66 1 100
1701 56 1 100
1701 46 1 100
1701 36 1 100
1711 346 1 100
1711 336 1 100
1711 326 1 100
1711 316 1 100
1711 306 1 100
1711 296 1 100
1711 286 1 100
1711 276 1 100
1711 266 1 100
1711 256 1 100
1711 246 1 100
1711 236 1 100
1711 226 1 100
1711 216 1 100
1711 206 1 100
1711 196 1 100
1711 186 1 100
1711 176 1 100
1711 166 1 100
1711 156 1 100
1711 146 1 100
1711 106 1 100
1711 96 1 100
1711 86 1 100
1711 76 1 100
1711 66 1 100
1711 56 1 100
1711 46 1 100
1711 36 1 100
1721 346 1 100
1721 336 1 100
1721 326 1 100
1721 316 1 100
1721 306 1 100
1721 296 1 100
1721 286 1 100
1721 276 1 100
1721 266 1 100
1721 256 1 100
1721 246 1 100
1721 236 1 100
1721 226 1 100
1721 216 1 100
1721 206 1 100
1721 196 1 100
1721 186 1 100
1721 176 1 100
1721 166 1 100
1721 156 1 100
1721 146 1 100
1721 136 1 100
1721 126 1 100
1721 116 1 100
1721 106 1 100
1721 96 1 100
1721 86 1 100
1721 76 1 100
1721 66 1 100
1721 56 1 100
1721 46 1 100
1731 336 1 100
1731 326 1 100
1731 316 1 100
1731 306 1 100
1731 296 1 100
1731 286 1 100
1731 276 1 100
1731 266 1 100
1731 256 1 100
1731 246 1 100
1731 236 1 100
1731 226 1 100
1731 216 1 100
1731 206 1 100
1731 196 1 100
1731 186 1 100
1731 176 1 100
1731 166 1 100
1731 156 1 100
1731 146 1 100
1731 136 1 100
1731 126 1 100
1731 116 1 100
1731 106 1 100
1731 96 1 100
1731 86 1 100
1731 76 1 100
1731 66 1 100
1731 56 1 100
1731 46 1 100
1741 336 1 100
1741 326 1 100
1741 316 1 100
1741 306 1 100
1741 296 1 100
1741 286 1 100
1741 276 1 100
1741 266 1 100
1741 256 1 100
1741 246 1 100
1741 236 1 100
1741 226 1 100
1741 216 1 100
1741 206 1 100
1741 196 1 100
1741 186 1 100
1741 176 1 100
1741 166 1 100
1741 156 1 100
1741 146 1 100
1741 136 1 100
1741 126 1 100
1741 116 1 100
1741 106 1 100
1741 96 1 100
1741 86 1 100
1741 76 1 100
1741 66 1 100
1741 56 1 100
1741 46 1 100
1751 336 1 100
1751 326 1 100
1751 316 1 100
1751 306 1 100
1751 296 1 100
1751 286 1 100
1751 276 1 100
1751 266 1 100
1751 256 1 100
1751 246 1 100
1751 236 1 100
1751 226 1 100
1751 216 1 100
1751 206 1 100
1751 196 1 100
1751 186 1 100
1751 176 1 100
1751 166 1 100
1751 156 1 100
1751 146 1 100
1751 136 1 100
1751 126 1 100
1751 116 1 100
1751 106 1 100
1751 96 1 100
1751 86 1 100
1751 76 1 100
1751 66 1 100
1751 56 1 100
1751 46 1 100
1751 36 1 100
1761 326 1 100
1761 316 1 100
1761 306 1 100
1761 296 1 100
1761 286 1 100
1761 276 1 100
1761 266 1 100
1761 256 1 100
1761 246 1 100
1761 236 1 100
1761 226 1 100
1761 216 1 100
1761 206 1 100
1761 196 1 100
1761 186 1 100
1761 176 1 100
1761 166 1 100
1761 156 1 100
1761 146 1 100
1761 136 1 100
1761 126 1 100
1761 116 1 100
1761 106 1 100
1761 96 1 100
1761 86 1 100
1761 76 1 100
1761 66 1 100
1761 56 1 100
1761 46 1 100
1761 36 1 100
1761 26 1 100
1771 326 1 100
1771 316 1 100
1771 306 1 100
1771 296 1 100
1771 286 1 100
1771 276 1 100
1771 266 1 100
1771 256 1 100
1771 246 1 100
1771 236 1 100
1771 226 1 100
1771 216 1 100
1771 206 1 100
1771 196 1 100
1771 186 1 100
1771 176 1 100
1771 166 1 100
1771 156 1 100
1771 146 1 100
1771 136 1 100
1771 126 1 100
1771 116 1 100
1771 106 1 100
1771 96 1 100
1771 86 1 100
1771 76 1 100
1771 66 1 100
1771 56 1 100
1771 46 1 100
1771 36 1 100
1771 26 1 100
1781 316 1 100
1781 306 1 100
1781 296 1 100
1781 286 1 100
1781 276 1 100
1781 266 1 100
1781 256 1 100
1781 246 1 100
1781 236 1 100
1781 226 1 100
1781 216 1 100
1781 206 1 100
1781 196 1 100
1781 186 1 100
1781 176 1 100
1781 166 1 100
1781 156 1 100
1781 146 1 100
1781 136 1 100
1781 126 1 100
1781 116 1 100
1781 106 1 100
1781 96 1 100
1781 86 1 100
1781 76 1 100
1781 66 1 100
1781 56 1 100
1781 46 1 100
1781 36 1 100
1781 26 1 100
1791 306 1 100
1791 296 1 100
1791 286 1 100
1791 276 1 100
1791 266 1 100
1791 256 1 100
1791 136 1 100
1791 126 1 100
1791 116 1 100
1791 106 1 100
1791 96 1 100
1791 86 1 100
1791 76 1 100
1791 66 1 100
1791 56 1 100
1791 46 1 100
1791 36 1 100
1791 26 1 100
1801 296 1 100
1801 286 1 100
1801 96 1 100
1801 86 1 100
1801 76 1 100
1801 66 1 100
1801 56 1 100
1801 46 1 100
1801 36 1 100
1801 26 1 100
1811 76 1 100
1811 66 1 100
1811 56 1 100
1811 46 1 100
1811 36 1 100
1821 56 1 100
1821 46 1 100
1861 66 1 100
1871 486 1 100
1871 476 1 100
1871 466 1 100
1871 456 1 100
1871 446 1 100
1871 436 1 100
1871 426 1 100
1871 416 1 100
1871 406 1 100
1871 396 1 100
1871 386 1 100
1871 376 1 100
1871 366 1 100
1871 356 1 100
1871 346 1 100
1871 336 1 100
1871 326 1 100
1871 316 1 100
1871 306 1 100
1871 296 1 100
1871 286 1 100
1871 276 1 100
1871 266 1 100
1871 256 1 100
1871 246 1 100
1871 236 1 100
1871 226 1 100
1871 216 1 100
1871 206 1 100
1871 196 1 100
1871 186 1 100
1871 176 1 100
1871 166 1 100
1871 156 1 100
1871 146 1 100
1871 136 1 100
1871 126 1 100
1871 116 1 100
1871 106 1 100
1871 96 1 100
1871 86 1 100
1871 76 1 100
1871 66 1 100
1871 56 1 100
1871 46 1 100
1881 496 1 100
1881 486 1 100
1881 476 1 100
1881 466 1 100
1881 456 1 100
1881 446 1 100
1881 436 1 100
1881 426 1 100
1881 416 1 100
1881 406 1 100
1881 396 1 100
1881 386 1 100
1881 376 1 100
1881 366 1 100
1881 356 1 100
1881 346 1 100
1881 336 1 100
1881 326 1 100
1881 316 1 100
1881 306 1 100
1881 296 1 100
1881 286 1 100
1881 276 1 100
1881 266 1 100
1881 256 1 100
1881 246 1 100
1881 236 1 100
1881 226 1 100
1881 216 1 100
1881 206 1 100
1881 196 1 100
1881 186 1 100
1881 176 1 100
1881 166 1 100
1881 156 1 100
1881 146 1 100
1881 136 1 100
1881 126 1 100
1881 116 1 100
1881 106 1 100
1881 96 1 100
1881 86 1 100
1881 76 1 100
1881 66 1 100
1881 56 1 100
1881 46 1 100
1881 36 1 100
1891 506 1 100
1891 496 1 100
1891 486 1 100
1891 476 1 100
1891 466 1 100
1891 456 1 100
1891 446 1 100
1891 436 1 100
1891 426 1 100
1891 416 1 100
1891 406 1 100
1891 396 1 100
1891 386 1 100
1891 376 1 100
1891 366 1 100
1891 356 1 100
1891 346 1 100
1891 336 1 100
1891 326 1 100
1891 316 1 100
1891 306 1 100
1891 296 1 100
1891 286 1 100
1891 276 1 100
1891 266 1 100
1891 256 1 100
1891 246 1 100
1891 236 1 100
1891 226 1 100
1891 216 1 100
1891 206 1 100
1891 196 1 100
1891 186 1 100
1891 176 1 100
1891 166 1 100
1891 156 1 100
1891 146 1 100
1891 136 1 100
1891 126 1 100
1891 116 1 100
1891 106 1 100
1891 96 1 100
1891 86 1 100
1891 76 1 100
1891 66 1 100
1891 56 1 100
1891 46 1 100
1891 36 1 100
1901 506 1 100
1901 496 1 100
1901 486 1 100
1901 476 1 100
1901 466 1 100
1901 456 1 100
1901 446 1 100
1901 436 1 100
1901 426 1 100
1901 416 1 100
1901 406 1 100
1901 396 1 100
1901 386 1 100
1901 376 1 100
1901 366 1 100
1901 356 1 100
1901 346 1 100
1901 336 1 100
1901 326 1 100
1901 316 1 100
1901 306 1 100
1901 296 1 100
1901 286 1 100
1901 276 1 100
1901 266 1 100
1901 256 1 100
1901 246 1 100
1901 236 1 100
1901 226 1 100
1901 216 1 100
1901 206 1 100
1901 196 1 100
1901 186 1 100
1901 176 1 100
1901 166 1 100
1901 156 1 100
1901 146 1 100
1901 136 1 100
1901 126 1 100
1901 116 1 100
1901 106 1 100
1901 96 1 100
1901 86 1 100
1901 76 1 100
1901 66 1 100
1901 56 1 100
1901 46 1 100
1901 36 1 100
1901 26 1 100
1911 506 1 100
1911 496 1 100
1911 486 1 100
1911 476 1 100
1911 466 1 100
1911 456 1 100
1911 446 1 100
1911 436 1 100
1911 426 1 100
1911 416 1 100
1911 406 1 100
1911 396 1 100
1911 386 1 100
1911 376 1 100
1911 366 1 100
1911 356 1 100
1911 346 1 100
1911 336 1 100
1911 326 1 100
1911 316 1 100
1911 306 1 100
1911 296 1 100
1911 286 1 100
1911 276 1 100
1911 266 1 100
1911 256 1 100
1911 246 1 100
1911 236 1 100
1911 226 1 100
1911 216 1 100
1911 206 1 100
1911 196 1 100
1911 186 1 100
1911 176 1 100
1911 166 1 100
1911 156 1 100
1911 146 1 100
1911 136 1 100
1911 126 1 100
1911 116 1 100
1911 106 1 100
1911 96 1 100
1911 86 1 100
1911 76 1 100
1911 66 1 100
1911 56 1 100
1911 46 1 100
1911 36 1 100
1921 506 1 100
1921 496 1 100
1921 486 1 100
1921 476 1 100
1921 466 1 100
1921 456 1 100
1921 446 1 100
1921 436 1 100
1921 426 1 100
1921 416 1 100
1921 406 1 100
1921 396 1 100
1921 386 1 100
1921 376 1 100
1921 366 1 100
1921 356 1 100
1921 346 1 100
1921 336 1 100
1921 326 1 100
1921 316 1 100
1921 306 1 100
1921 296 1 100
1921 286 1 100
1921 276 1 100
1921 266 1 100
1921 256 1 100
1921 246 1 100
1921 236 1 100
1921 226 1 100
1921 216 1 100
1921 206 1 100
1921 196 1 100
1921 186 1 100
1921 176 1 100
1921 166 1 100
1921 156 1 100
1921 146 1 100
1921 136 1 100
1921 126 1 100
1921 116 1 100
1921 106 1 100
1921 96 1 100
1921 86 1 100
1921 76 1 100
1921 66 1 100
1921 56 1 100
1921 46 1 100
1921 36 1 100
1931 506 1 100
1931 496 1 100
1931 486 1 100
1931 476 1 100
1931 466 1 100
1931 456 1 100
1931 446 1 100
1931 436 1 100
1931 426 1 100
1931 416 1 100
1931 406 1 100
1931 396 1 100
1931 386 1 100
1931 376 1 100
1931 366 1 100
1931 356 1 100
1931 346 1 100
1931 336 1 100
1931 326 1 100
1931 316 1 100
1931 306 1 100
1931 296 1 100
1931 286 1 100
1931 276 1 100
1931 266 1 100
1931 256 1 100
1931 246 1 100
1931 236 1 100
1931 226 1 100
1931 216 1 100
1931 206 1 100
1931 196 1 100
1931 186 1 100
1931 176 1 100
1931 166 1 100
1931 156 1 100
1931 146 1 100
1931 136 1 100
1931 126 1 100
1931 116 1 100
1931 106 1 100
1931 96 1 100
1931 86 1 100
1931 76 1 100
1931 66 1 100
1931 56 1 100
1931 46 1 100
1931 36 1 100
1941 336 1 100
1941 326 1 100
1941 316 1 100
1941 306 1 100
1941 296 1 100
1941 286 1 100
1941 276 1 100
1941 266 1 100
1941 256 1 100
1941 116 1 100
1941 106 1 100
1941 96 1 100
1941 86 1 100
1941 76 1 100
1941 66 1 100
1941 56 1 100
1941 46 1 100
1941 36 1 100
1951 336 1 100
1951 326 1 100
1951 316 1 100
1951 306 1 100
1951 296 1 100
1951 286 1 100
1951 276 1 100
1951 266 1 100
1951 256 1 100
1951 106 1 100
1951 96 1 100
1951 86 1 100
1951 76 1 100
1951 66 1 100
1951 56 1 100
1951 46 1 100
1951 36 1 100
1961 346 1 100
1961 336 1 100
1961 326 1 100
1961 316 1 100
1961 306 1 100
1961 296 1 100
1961 286 1 100
1961 276 1 100
1961 266 1 100
1961 106 1 100
1961 96 1 100
1961 86 1 100
1961 76 1 100
1961 66 1 100
1961 56 1 100
1961 46 1 100
1961 36 1 100
1971 346 1 100
1971 336 1 100
1971 326 1 100
1971 316 1 100
1971 306 1 100
1971 296 1 100
1971 286 1 100
1971 276 1 100
1971 106 1 100
1971 96 1 100
1971 86 1 100
1971 76 1 100
1971 66 1 100
1971 56 1 100
1971 46 1 100
1971 36 1 100
1971 26 1 100
1981 346 1 100
1981 336 1 100
1981 326 1 100
1981 316 1 100
1981 306 1 100
1981 296 1 100
1981 286 1 100
1981 276 1 100
1981 96 1 100
1981 86 1 100
1981 76 1 100
1981 66 1 100
1981 56 1 100
1981 46 1 100
1981 36 1 100
1981 26 1 100
1991 356 1 100
1991 346 1 100
1991 336 1 100
1991 326 1 100
1991 316 1 100
1991 306 1 100
1991 296 1 100
1991 286 1 100
1991 96 1 100
1991 86 1 100
1991 76 1 100
1991 66 1 100
1991 56 1 100
1991 46 1 100
1991 36 1 100
1991 26 1 100
2001 356 1 100
2001 346 1 100
2001 336 1 100
2001 326 1 100
2001 316 1 100
2001 306 1 100
2001 296 1 100
2001 286 1 100
2001 96 1 100
2001 86 1 100
2001 76 1 100
2001 66 1 100
2001 56 1 100
2001 46 1 100
2001 36 1 100
2001 26 1 100
2011 356 1 100
2011 346 1 100
2011 336 1 100
2011 326 1 100
2011 316 1 100
2011 306 1 100
2011 296 1 100
2011 286 1 100
2011 96 1 100
2011 86 1 100
2011 76 1 100
2011 66 1 100
2011 56 1 100
2011 46 1 100
2011 36 1 100
2011 26 1 100
2021 356 1 100
2021 346 1 100
2021 336 1 100
2021 326 1 100
2021 316 1 100
2021 306 1 100
2021 296 1 100
2021 286 1 100
2021 96 1 100
2021 86 1 100
2021 76 1 100
2021 66 1 100
2021 56 1 100
2021 46 1 100
2021 36 1 100
2021 26 1 100
2031 356 1 100
2031 346 1 100
2031 336 1 100
2031 326 1 100
2031 316 1 100
2031 306 1 100
2031 296 1 100
2031 286 1 100
2031 96 1 100
2031 86 1 100
2031 76 1 100
2031 66 1 100
2031 56 1 100
2031 46 1 100
2031 36 1 100
2031 26 1 100
2041 356 1 100
2041 346 1 100
2041 336 1 100
2041 326 1 100
2041 316 1 100
2041 306 1 100
2041 296 1 100
2041 286 1 100
2041 96 1 100
2041 86 1 100
2041 76 1 100
2041 66 1 100
2041 56 1 100
2041 46 1 100
2041 36 1 100
2041 26 1 100
2051 356 1 100
2051 346 1 100
2051 336 1 100
2051 326 1 100
2051 316 1 100
2051 306 1 100
2051 296 1 100
2051 286 1 100
2051 106 1 100
2051 96 1 100
2051 86 1 100
2051 76 1 100
2051 66 1 100
2051 56 1 100
2051 46 1 100
2051 36 1 100
2051 26 1 100
2061 356 1 100
2061 346 1 100
2061 336 1 100
2061 326 1 100
2061 316 1 100
2061 306 1 100
2061 296 1 100
2061 286 1 100
2061 276 1 100
2061 116 1 100
2061 106 1 100
2061 96 1 100
2061 86 1 100
2061 76 1 100
2061 66 1 100
2061 56 1 100
2061 46 1 100
2061 36 1 100
2071 346 1 100
2071 336 1 100
2071 326 1 100
2071 316 1 100
2071 306 1 100
2071 296 1 100
2071 286 1 100
2071 276 1 100
2071 266 1 100
2071 116 1 100
2071 106 1 100
2071 96 1 100
2071 86 1 100
2071 76 1 100
2071 66 1 100
2071 56 1 100
2071 46 1 100
2071 36 1 100
2081 346 1 100
2081 336 1 100
2081 326 1 100
2081 316 1 100
2081 306 1 100
2081 296 1 100
2081 286 1 100
2081 276 1 100
2081 266 1 100
2081 256 1 100
2081 136 1 100
2081 126 1 100
2081 116 1 100
2081 106 1 100
2081 96 1 100
2081 86 1 100
2081 76 1 100
2081 66 1 100
2081 56 1 100
2081 46 1 100
2091 346 1 100
2091 336 1 100
2091 326 1 100
2091 316 1 100
2091 306 1 100
2091 296 1 100
2091 286 1 100
2091 276 1 100
2091 266 1 100
2091 256 1 100
2091 246 1 100
2091 236 1 100
2091 146 1 100
2091 136 1 100
2091 126 1 100
2091 116 1 100
2091 106 1 100
2091 96 1 100
2091 86 1 100
2091 76 1 100
2091 66 1 100
2091 56 1 100
2091 46 1 100
2101 336 1 100
2101 326 1 100
2101 316 1 100
2101 306 1 100
2101 296 1 100
2101 286 1 100
2101 276 1 100
2101 266 1 100
2101 256 1 100
2101 246 1 100
2101 236 1 100
2101 226 1 100
2101 216 1 100
2101 206 1 100
2101 196 1 100
2101 186 1 100
2101 176 1 100
2101 166 1 100
2101 156 1 100
2101 146 1 100
2101 136 1 100
2101 126 1 100
2101 116 1 100
2101 106 1 100
2101 96 1 100
2101 86 1 100
2101 76 1 100
2101 66 1 100
2101 56 1 100
2111 326 1 100
2111 316 1 100
2111 306 1 100
2111 296 1 100
2111 286 1 100
2111 276 1 100
2111 266 1 100
2111 256 1 100
2111 246 1 100
2111 236 1 100
2111 226 1 100
2111 216 1 100
2111 206 1 100
2111 196 1 100
2111 186 1 100
2111 176 1 100
2111 166 1 100
2111 156 1 100
2111 146 1 100
2111 136 1 100
2111 126 1 100
2111 116 1 100
2111 106 1 100
2111 96 1 100
2111 86 1 100
2111 76 1 100
2111 66 1 100
2111 56 1 100
2121 326 1 100
2121 316 1 100
2121 306 1 100
2121 296 1 100
2121 286 1 100
2121 276 1 100
2121 266 1 100
2121 256 1 100
2121 246 1 100
2121 236 1 100
2121 226 1 100
2121 216 1 100
2121 206 1 100
2121 196 1 100
2121 186 1 100
2121 176 1 100
2121 166 1 100
2121 156 1 100
2121 146 1 100
2121 136 1 100
2121 126 1 100
2121 116 1 100
2121 106 1 100
2121 96 1 100
2121 86 1 100
2121 76 1 100
2121 66 1 100
2131 316 1 100
2131 306 1 100
2131 296 1 100
2131 286 1 100
2131 276 1 100
2131 266 1 100
2131 256 1 100
2131 246 1 100
2131 236 1 100
2131 226 1 100
2131 216 1 100
2131 206 1 100
2131 196 1 100
2131 186 1 100
2131 176 1 100
2131 166 1 100
2131 156 1 100
2131 146 1 100
2131 136 1 100
2131 126 1 100
2131 116 1 100
2131 106 1 100
2131 96 1 100
2131 86 1 100
2131 76 1 100
2141 296 1 100
2141 286 1 100
2141 276 1 100
2141 266 1 100
2141 256 1 100
2141 246 1 100
2141 236 1 100
2141 226 1 100
2141 216 1 100
2141 206 1 100
2141 196 1 100
2141 186 1 100
2141 176 1 100
2141 166 1 100
2141 156 1 100
2141 146 1 100
2141 136 1 100
2141 126 1 100
2141 116 1 100
2141 106 1 100
2141 96 1 100
2141 86 1 100
2151 286 1 100
2151 276 1 100
2151 266 1 100
2151 256 1 100
2151 246 1 100
2151 236 1 100
2151 226 1 100
2151 216 1 100
2151 206 1 100
2151 196 1 100
2151 186 1 100
2151 176 1 100
2151 166 1 100
2151 156 1 100
2151 146 1 100
2151 136 1 100
2151 126 1 100
2151 116 1 100
2151 106 1 100
2161 266 1 100
2161 256 1 100
2161 246 1 100
2161 236 1 100
2161 226 1 100
2161 216 1 100
2161 206 1 100
2161 196 1 100
2161 186 1 100
2161 176 1 100
2161 166 1 100
2161 156 1 100
2161 146 1 100
2161 136 1 100
2161 126 1 100
2161 116 1 100
2171 236 1 100
2171 226 1 100
2171 216 1 100
2171 206 1 100
2171 196 1 100
2171 186 1 100
2171 176 1 100
2171 166 1 100
2171 156 1 100
2171 146 1 100
