# SPDX-FileCopyrightText: 2023 Christian Willberg <christian.willberg@dlr.de>, Jan-Timo Hesse <jan-timo.hesse@dlr.de>
#
# SPDX-License-Identifier: BSD-3-Clause

header: x y block_id volume number
0.00025 0.0 1 2.5e-7 0
0.00075 0.0 1 2.5e-7 1
0.00125 0.0 1 2.5e-7 2
0.00175 0.0 1 2.5e-7 3
0.0022500000000000003 0.0 1 2.5e-7 4
0.00275 0.0 1 2.5e-7 5
0.0032500000000000003 0.0 1 2.5e-7 6
0.00375 0.0 1 2.5e-7 7
0.00425 0.0 1 2.5e-7 8
0.004750000000000001 0.0 1 2.5e-7 9
0.00525 0.0 1 2.5e-7 10
0.00575 0.0 1 2.5e-7 11
0.00625 0.0 1 2.5e-7 12
0.006750000000000001 0.0 1 2.5e-7 13
0.00725 0.0 1 2.5e-7 14
0.00775 0.0 1 2.5e-7 15
0.00825 0.0 1 2.5e-7 16
0.00875 0.0 1 2.5e-7 17
0.009250000000000001 0.0 1 2.5e-7 18
0.00975 0.0 1 2.5e-7 19
0.0 0.0005 1 2.5e-7 0
0.0005 0.0005 1 2.5e-7 1
0.001 0.0005 1 2.5e-7 2
0.0015 0.0005 1 2.5e-7 3
0.002 0.0005 1 2.5e-7 4
0.0025 0.0005 1 2.5e-7 5
0.003 0.0005 1 2.5e-7 6
0.0035 0.0005 1 2.5e-7 7
0.004 0.0005 1 2.5e-7 8
0.0045000000000000005 0.0005 1 2.5e-7 9
0.005 0.0005 1 2.5e-7 10
0.0055 0.0005 1 2.5e-7 11
0.006 0.0005 1 2.5e-7 12
0.006500000000000001 0.0005 1 2.5e-7 13
0.007 0.0005 1 2.5e-7 14
0.0075 0.0005 1 2.5e-7 15
0.008 0.0005 1 2.5e-7 16
0.0085 0.0005 1 2.5e-7 17
0.009000000000000001 0.0005 1 2.5e-7 18
0.0095 0.0005 1 2.5e-7 19
0.01 0.0005 1 2.5e-7 20
0.00025 0.001 1 2.5e-7 0
0.00075 0.001 1 2.5e-7 1
0.00125 0.001 1 2.5e-7 2
0.00175 0.001 1 2.5e-7 3
0.0022500000000000003 0.001 1 2.5e-7 4
0.00275 0.001 1 2.5e-7 5
0.0032500000000000003 0.001 1 2.5e-7 6
0.00375 0.001 1 2.5e-7 7
0.00425 0.001 1 2.5e-7 8
0.004750000000000001 0.001 1 2.5e-7 9
0.00525 0.001 1 2.5e-7 10
0.00575 0.001 1 2.5e-7 11
0.00625 0.001 1 2.5e-7 12
0.006750000000000001 0.001 1 2.5e-7 13
0.00725 0.001 1 2.5e-7 14
0.00775 0.001 1 2.5e-7 15
0.00825 0.001 1 2.5e-7 16
0.00875 0.001 1 2.5e-7 17
0.009250000000000001 0.001 1 2.5e-7 18
0.00975 0.001 1 2.5e-7 19
0.0 0.0015 1 2.5e-7 0
0.0005 0.0015 1 2.5e-7 1
0.001 0.0015 1 2.5e-7 2
0.0015 0.0015 1 2.5e-7 3
0.002 0.0015 1 2.5e-7 4
0.0025 0.0015 1 2.5e-7 5
0.003 0.0015 1 2.5e-7 6
0.0035 0.0015 1 2.5e-7 7
0.004 0.0015 1 2.5e-7 8
0.0045000000000000005 0.0015 1 2.5e-7 9
0.005 0.0015 1 2.5e-7 10
0.0055 0.0015 1 2.5e-7 11
0.006 0.0015 1 2.5e-7 12
0.006500000000000001 0.0015 1 2.5e-7 13
0.007 0.0015 1 2.5e-7 14
0.0075 0.0015 1 2.5e-7 15
0.008 0.0015 1 2.5e-7 16
0.0085 0.0015 1 2.5e-7 17
0.009000000000000001 0.0015 1 2.5e-7 18
0.0095 0.0015 1 2.5e-7 19
0.01 0.0015 1 2.5e-7 20
0.00025 0.002 1 2.5e-7 0
0.00075 0.002 1 2.5e-7 1
0.00125 0.002 1 2.5e-7 2
0.00175 0.002 1 2.5e-7 3
0.0022500000000000003 0.002 1 2.5e-7 4
0.00275 0.002 1 2.5e-7 5
0.0032500000000000003 0.002 1 2.5e-7 6
0.00375 0.002 1 2.5e-7 7
0.00425 0.002 1 2.5e-7 8
0.004750000000000001 0.002 1 2.5e-7 9
0.00525 0.002 1 2.5e-7 10
0.00575 0.002 1 2.5e-7 11
0.00625 0.002 1 2.5e-7 12
0.006750000000000001 0.002 1 2.5e-7 13
0.00725 0.002 1 2.5e-7 14
0.00775 0.002 1 2.5e-7 15
0.00825 0.002 1 2.5e-7 16
0.00875 0.002 1 2.5e-7 17
0.009250000000000001 0.002 1 2.5e-7 18
0.00975 0.002 1 2.5e-7 19
0.0 0.0025 1 2.5e-7 0
0.0005 0.0025 1 2.5e-7 1
0.001 0.0025 1 2.5e-7 2
0.0015 0.0025 1 2.5e-7 3
0.002 0.0025 1 2.5e-7 4
0.0025 0.0025 1 2.5e-7 5
0.003 0.0025 1 2.5e-7 6
0.0035 0.0025 1 2.5e-7 7
0.004 0.0025 1 2.5e-7 8
0.0045000000000000005 0.0025 1 2.5e-7 9
0.005 0.0025 1 2.5e-7 10
0.0055 0.0025 1 2.5e-7 11
0.006 0.0025 1 2.5e-7 12
0.006500000000000001 0.0025 1 2.5e-7 13
0.007 0.0025 1 2.5e-7 14
0.0075 0.0025 1 2.5e-7 15
0.008 0.0025 1 2.5e-7 16
0.0085 0.0025 1 2.5e-7 17
0.009000000000000001 0.0025 1 2.5e-7 18
0.0095 0.0025 1 2.5e-7 19
0.01 0.0025 1 2.5e-7 20
0.00025 0.003 1 2.5e-7 0
0.00075 0.003 1 2.5e-7 1
0.00125 0.003 1 2.5e-7 2
0.00175 0.003 1 2.5e-7 3
0.0022500000000000003 0.003 1 2.5e-7 4
0.00275 0.003 1 2.5e-7 5
0.0032500000000000003 0.003 1 2.5e-7 6
0.00375 0.003 1 2.5e-7 7
0.00425 0.003 1 2.5e-7 8
0.004750000000000001 0.003 1 2.5e-7 9
0.00525 0.003 1 2.5e-7 10
0.00575 0.003 1 2.5e-7 11
0.00625 0.003 1 2.5e-7 12
0.006750000000000001 0.003 1 2.5e-7 13
0.00725 0.003 1 2.5e-7 14
0.00775 0.003 1 2.5e-7 15
0.00825 0.003 1 2.5e-7 16
0.00875 0.003 1 2.5e-7 17
0.009250000000000001 0.003 1 2.5e-7 18
0.00975 0.003 1 2.5e-7 19
0.0 0.0035 1 2.5e-7 0
0.0005 0.0035 1 2.5e-7 1
0.001 0.0035 1 2.5e-7 2
0.0015 0.0035 1 2.5e-7 3
0.002 0.0035 1 2.5e-7 4
0.0025 0.0035 1 2.5e-7 5
0.003 0.0035 1 2.5e-7 6
0.0035 0.0035 1 2.5e-7 7
0.004 0.0035 1 2.5e-7 8
0.0045000000000000005 0.0035 1 2.5e-7 9
0.005 0.0035 1 2.5e-7 10
0.0055 0.0035 1 2.5e-7 11
0.006 0.0035 1 2.5e-7 12
0.006500000000000001 0.0035 1 2.5e-7 13
0.007 0.0035 1 2.5e-7 14
0.0075 0.0035 1 2.5e-7 15
0.008 0.0035 1 2.5e-7 16
0.0085 0.0035 1 2.5e-7 17
0.009000000000000001 0.0035 1 2.5e-7 18
0.0095 0.0035 1 2.5e-7 19
0.01 0.0035 1 2.5e-7 20
0.00025 0.004 1 2.5e-7 0
0.00075 0.004 1 2.5e-7 1
0.00125 0.004 1 2.5e-7 2
0.00175 0.004 1 2.5e-7 3
0.0022500000000000003 0.004 1 2.5e-7 4
0.00275 0.004 1 2.5e-7 5
0.0032500000000000003 0.004 1 2.5e-7 6
0.00375 0.004 1 2.5e-7 7
0.00425 0.004 1 2.5e-7 8
0.004750000000000001 0.004 1 2.5e-7 9
0.00525 0.004 1 2.5e-7 10
0.00575 0.004 1 2.5e-7 11
0.00625 0.004 1 2.5e-7 12
0.006750000000000001 0.004 1 2.5e-7 13
0.00725 0.004 1 2.5e-7 14
0.00775 0.004 1 2.5e-7 15
0.00825 0.004 1 2.5e-7 16
0.00875 0.004 1 2.5e-7 17
0.009250000000000001 0.004 1 2.5e-7 18
0.00975 0.004 1 2.5e-7 19
0.0 0.0045000000000000005 1 2.5e-7 0
0.0005 0.0045000000000000005 1 2.5e-7 1
0.001 0.0045000000000000005 1 2.5e-7 2
0.0015 0.0045000000000000005 1 2.5e-7 3
0.002 0.0045000000000000005 1 2.5e-7 4
0.0025 0.0045000000000000005 1 2.5e-7 5
0.003 0.0045000000000000005 1 2.5e-7 6
0.0035 0.0045000000000000005 1 2.5e-7 7
0.004 0.0045000000000000005 1 2.5e-7 8
0.0045000000000000005 0.0045000000000000005 1 2.5e-7 9
0.005 0.0045000000000000005 1 2.5e-7 10
0.0055 0.0045000000000000005 1 2.5e-7 11
0.006 0.0045000000000000005 1 2.5e-7 12
0.006500000000000001 0.0045000000000000005 1 2.5e-7 13
0.007 0.0045000000000000005 1 2.5e-7 14
0.0075 0.0045000000000000005 1 2.5e-7 15
0.008 0.0045000000000000005 1 2.5e-7 16
0.0085 0.0045000000000000005 1 2.5e-7 17
0.009000000000000001 0.0045000000000000005 1 2.5e-7 18
0.0095 0.0045000000000000005 1 2.5e-7 19
0.01 0.0045000000000000005 1 2.5e-7 20
0.00025 0.005 1 2.5e-7 0
0.00075 0.005 1 2.5e-7 1
0.00125 0.005 1 2.5e-7 2
0.00175 0.005 1 2.5e-7 3
0.0022500000000000003 0.005 1 2.5e-7 4
0.00275 0.005 1 2.5e-7 5
0.0032500000000000003 0.005 1 2.5e-7 6
0.00375 0.005 1 2.5e-7 7
0.00425 0.005 1 2.5e-7 8
0.004750000000000001 0.005 1 2.5e-7 9
0.00525 0.005 1 2.5e-7 10
0.00575 0.005 1 2.5e-7 11
0.00625 0.005 1 2.5e-7 12
0.006750000000000001 0.005 1 2.5e-7 13
0.00725 0.005 1 2.5e-7 14
0.00775 0.005 1 2.5e-7 15
0.00825 0.005 1 2.5e-7 16
0.00875 0.005 1 2.5e-7 17
0.009250000000000001 0.005 1 2.5e-7 18
0.00975 0.005 1 2.5e-7 19
0.0 0.0055 1 2.5e-7 0
0.0005 0.0055 1 2.5e-7 1
0.001 0.0055 1 2.5e-7 2
0.0015 0.0055 1 2.5e-7 3
0.002 0.0055 1 2.5e-7 4
0.0025 0.0055 1 2.5e-7 5
0.003 0.0055 1 2.5e-7 6
0.0035 0.0055 1 2.5e-7 7
0.004 0.0055 1 2.5e-7 8
0.0045000000000000005 0.0055 1 2.5e-7 9
0.005 0.0055 1 2.5e-7 10
0.0055 0.0055 1 2.5e-7 11
0.006 0.0055 1 2.5e-7 12
0.006500000000000001 0.0055 1 2.5e-7 13
0.007 0.0055 1 2.5e-7 14
0.0075 0.0055 1 2.5e-7 15
0.008 0.0055 1 2.5e-7 16
0.0085 0.0055 1 2.5e-7 17
0.009000000000000001 0.0055 1 2.5e-7 18
0.0095 0.0055 1 2.5e-7 19
0.01 0.0055 1 2.5e-7 20
0.00025 0.006 1 2.5e-7 0
0.00075 0.006 1 2.5e-7 1
0.00125 0.006 1 2.5e-7 2
0.00175 0.006 1 2.5e-7 3
0.0022500000000000003 0.006 1 2.5e-7 4
0.00275 0.006 1 2.5e-7 5
0.0032500000000000003 0.006 1 2.5e-7 6
0.00375 0.006 1 2.5e-7 7
0.00425 0.006 1 2.5e-7 8
0.004750000000000001 0.006 1 2.5e-7 9
0.00525 0.006 1 2.5e-7 10
0.00575 0.006 1 2.5e-7 11
0.00625 0.006 1 2.5e-7 12
0.006750000000000001 0.006 1 2.5e-7 13
0.00725 0.006 1 2.5e-7 14
0.00775 0.006 1 2.5e-7 15
0.00825 0.006 1 2.5e-7 16
0.00875 0.006 1 2.5e-7 17
0.009250000000000001 0.006 1 2.5e-7 18
0.00975 0.006 1 2.5e-7 19
0.0 0.006500000000000001 1 2.5e-7 0
0.0005 0.006500000000000001 1 2.5e-7 1
0.001 0.006500000000000001 1 2.5e-7 2
0.0015 0.006500000000000001 1 2.5e-7 3
0.002 0.006500000000000001 1 2.5e-7 4
0.0025 0.006500000000000001 1 2.5e-7 5
0.003 0.006500000000000001 1 2.5e-7 6
0.0035 0.006500000000000001 1 2.5e-7 7
0.004 0.006500000000000001 1 2.5e-7 8
0.0045000000000000005 0.006500000000000001 1 2.5e-7 9
0.005 0.006500000000000001 1 2.5e-7 10
0.0055 0.006500000000000001 1 2.5e-7 11
0.006 0.006500000000000001 1 2.5e-7 12
0.006500000000000001 0.006500000000000001 1 2.5e-7 13
0.007 0.006500000000000001 1 2.5e-7 14
0.0075 0.006500000000000001 1 2.5e-7 15
0.008 0.006500000000000001 1 2.5e-7 16
0.0085 0.006500000000000001 1 2.5e-7 17
0.009000000000000001 0.006500000000000001 1 2.5e-7 18
0.0095 0.006500000000000001 1 2.5e-7 19
0.01 0.006500000000000001 1 2.5e-7 20
0.00025 0.007 1 2.5e-7 0
0.00075 0.007 1 2.5e-7 1
0.00125 0.007 1 2.5e-7 2
0.00175 0.007 1 2.5e-7 3
0.0022500000000000003 0.007 1 2.5e-7 4
0.00275 0.007 1 2.5e-7 5
0.0032500000000000003 0.007 1 2.5e-7 6
0.00375 0.007 1 2.5e-7 7
0.00425 0.007 1 2.5e-7 8
0.004750000000000001 0.007 1 2.5e-7 9
0.00525 0.007 1 2.5e-7 10
0.00575 0.007 1 2.5e-7 11
0.00625 0.007 1 2.5e-7 12
0.006750000000000001 0.007 1 2.5e-7 13
0.00725 0.007 1 2.5e-7 14
0.00775 0.007 1 2.5e-7 15
0.00825 0.007 1 2.5e-7 16
0.00875 0.007 1 2.5e-7 17
0.009250000000000001 0.007 1 2.5e-7 18
0.00975 0.007 1 2.5e-7 19
0.0 0.0075 1 2.5e-7 0
0.0005 0.0075 1 2.5e-7 1
0.001 0.0075 1 2.5e-7 2
0.0015 0.0075 1 2.5e-7 3
0.002 0.0075 1 2.5e-7 4
0.0025 0.0075 1 2.5e-7 5
0.003 0.0075 1 2.5e-7 6
0.0035 0.0075 1 2.5e-7 7
0.004 0.0075 1 2.5e-7 8
0.0045000000000000005 0.0075 1 2.5e-7 9
0.005 0.0075 1 2.5e-7 10
0.0055 0.0075 1 2.5e-7 11
0.006 0.0075 1 2.5e-7 12
0.006500000000000001 0.0075 1 2.5e-7 13
0.007 0.0075 1 2.5e-7 14
0.0075 0.0075 1 2.5e-7 15
0.008 0.0075 1 2.5e-7 16
0.0085 0.0075 1 2.5e-7 17
0.009000000000000001 0.0075 1 2.5e-7 18
0.0095 0.0075 1 2.5e-7 19
0.01 0.0075 1 2.5e-7 20
0.00025 0.008 1 2.5e-7 0
0.00075 0.008 1 2.5e-7 1
0.00125 0.008 1 2.5e-7 2
0.00175 0.008 1 2.5e-7 3
0.0022500000000000003 0.008 1 2.5e-7 4
0.00275 0.008 1 2.5e-7 5
0.0032500000000000003 0.008 1 2.5e-7 6
0.00375 0.008 1 2.5e-7 7
0.00425 0.008 1 2.5e-7 8
0.004750000000000001 0.008 1 2.5e-7 9
0.00525 0.008 1 2.5e-7 10
0.00575 0.008 1 2.5e-7 11
0.00625 0.008 1 2.5e-7 12
0.006750000000000001 0.008 1 2.5e-7 13
0.00725 0.008 1 2.5e-7 14
0.00775 0.008 1 2.5e-7 15
0.00825 0.008 1 2.5e-7 16
0.00875 0.008 1 2.5e-7 17
0.009250000000000001 0.008 1 2.5e-7 18
0.00975 0.008 1 2.5e-7 19
0.0 0.0085 1 2.5e-7 0
0.0005 0.0085 1 2.5e-7 1
0.001 0.0085 1 2.5e-7 2
0.0015 0.0085 1 2.5e-7 3
0.002 0.0085 1 2.5e-7 4
0.0025 0.0085 1 2.5e-7 5
0.003 0.0085 1 2.5e-7 6
0.0035 0.0085 1 2.5e-7 7
0.004 0.0085 1 2.5e-7 8
0.0045000000000000005 0.0085 1 2.5e-7 9
0.005 0.0085 1 2.5e-7 10
0.0055 0.0085 1 2.5e-7 11
0.006 0.0085 1 2.5e-7 12
0.006500000000000001 0.0085 1 2.5e-7 13
0.007 0.0085 1 2.5e-7 14
0.0075 0.0085 1 2.5e-7 15
0.008 0.0085 1 2.5e-7 16
0.0085 0.0085 1 2.5e-7 17
0.009000000000000001 0.0085 1 2.5e-7 18
0.0095 0.0085 1 2.5e-7 19
0.01 0.0085 1 2.5e-7 20
0.00025 0.009000000000000001 1 2.5e-7 0
0.00075 0.009000000000000001 1 2.5e-7 1
0.00125 0.009000000000000001 1 2.5e-7 2
0.00175 0.009000000000000001 1 2.5e-7 3
0.0022500000000000003 0.009000000000000001 1 2.5e-7 4
0.00275 0.009000000000000001 1 2.5e-7 5
0.0032500000000000003 0.009000000000000001 1 2.5e-7 6
0.00375 0.009000000000000001 1 2.5e-7 7
0.00425 0.009000000000000001 1 2.5e-7 8
0.004750000000000001 0.009000000000000001 1 2.5e-7 9
0.00525 0.009000000000000001 1 2.5e-7 10
0.00575 0.009000000000000001 1 2.5e-7 11
0.00625 0.009000000000000001 1 2.5e-7 12
0.006750000000000001 0.009000000000000001 1 2.5e-7 13
0.00725 0.009000000000000001 1 2.5e-7 14
0.00775 0.009000000000000001 1 2.5e-7 15
0.00825 0.009000000000000001 1 2.5e-7 16
0.00875 0.009000000000000001 1 2.5e-7 17
0.009250000000000001 0.009000000000000001 1 2.5e-7 18
0.00975 0.009000000000000001 1 2.5e-7 19
0.0 0.0095 1 2.5e-7 0
0.0005 0.0095 1 2.5e-7 1
0.001 0.0095 1 2.5e-7 2
0.0015 0.0095 1 2.5e-7 3
0.002 0.0095 1 2.5e-7 4
0.0025 0.0095 1 2.5e-7 5
0.003 0.0095 1 2.5e-7 6
0.0035 0.0095 1 2.5e-7 7
0.004 0.0095 1 2.5e-7 8
0.0045000000000000005 0.0095 1 2.5e-7 9
0.005 0.0095 1 2.5e-7 10
0.0055 0.0095 1 2.5e-7 11
0.006 0.0095 1 2.5e-7 12
0.006500000000000001 0.0095 1 2.5e-7 13
0.007 0.0095 1 2.5e-7 14
0.0075 0.0095 1 2.5e-7 15
0.008 0.0095 1 2.5e-7 16
0.0085 0.0095 1 2.5e-7 17
0.009000000000000001 0.0095 1 2.5e-7 18
0.0095 0.0095 1 2.5e-7 19
0.01 0.0095 1 2.5e-7 20
0.00025 0.01 1 2.5e-7 0
0.00075 0.01 1 2.5e-7 1
0.00125 0.01 1 2.5e-7 2
0.00175 0.01 1 2.5e-7 3
0.0022500000000000003 0.01 1 2.5e-7 4
0.00275 0.01 1 2.5e-7 5
0.0032500000000000003 0.01 1 2.5e-7 6
0.00375 0.01 1 2.5e-7 7
0.00425 0.01 1 2.5e-7 8
0.004750000000000001 0.01 1 2.5e-7 9
0.00525 0.01 1 2.5e-7 10
0.00575 0.01 1 2.5e-7 11
0.00625 0.01 1 2.5e-7 12
0.006750000000000001 0.01 1 2.5e-7 13
0.00725 0.01 1 2.5e-7 14
0.00775 0.01 1 2.5e-7 15
0.00825 0.01 1 2.5e-7 16
0.00875 0.01 1 2.5e-7 17
0.009250000000000001 0.01 1 2.5e-7 18
0.00975 0.01 1 2.5e-7 19
